[(0,1),(2,3),(4,23),(5,22),(6,7),(8,9),(10,11),(12,13),(14,15),(16,17),(18,19),(20,21),(24,25),(26,27)]
[(0,24),(1,25),(2,26),(3,27),(4,22),(5,23),(6,18),(7,19),(8,20),(9,21),(10,12),(11,13),(14,16),(15,17)]
[(0,27),(1,5),(2,25),(3,4),(6,14),(7,15),(8,10),(9,11),(12,20),(13,21),(16,18),(17,19),(22,26),(23,24)]
[(0,3),(1,2),(4,23),(5,22),(6,8),(7,10),(9,14),(11,15),(12,16),(13,18),(17,20),(19,21),(24,27),(25,26)]
[(0,1),(2,3),(4,5),(7,9),(8,12),(10,13),(11,16),(14,17),(15,19),(18,20),(22,23),(24,25),(26,27)]
[(0,11),(1,21),(2,4),(3,5),(6,26),(7,8),(9,12),(10,14),(13,17),(15,18),(16,27),(19,20),(22,24),(23,25)]
[(1,10),(2,9),(3,8),(4,7),(5,22),(11,12),(13,14),(15,16),(17,26),(18,25),(19,24),(20,23)]
[(3,6),(5,13),(7,15),(8,16),(9,17),(10,18),(11,19),(12,20),(14,22),(21,24)]
[(0,6),(2,3),(5,9),(7,11),(8,12),(10,14),(13,17),(15,19),(16,20),(18,22),(21,27),(24,25)]
[(0,2),(1,7),(3,4),(5,6),(8,9),(10,11),(12,13),(14,15),(16,17),(18,19),(20,26),(21,22),(23,24),(25,27)]
[(1,4),(2,3),(6,8),(7,10),(9,12),(11,14),(13,16),(15,18),(17,20),(19,21),(23,26),(24,25)]
[(1,3),(4,5),(6,7),(8,10),(9,11),(12,14),(13,15),(16,18),(17,19),(20,21),(22,23),(24,26)]
[(1,2),(3,4),(5,6),(7,8),(9,10),(11,12),(13,14),(15,16),(17,18),(19,20),(21,22),(23,24),(25,26)]
