# n=28, depth=13, size=170
[(0,1),(2,3),(4,23),(5,22),(6,7),(8,9),(10,11),(12,13),(14,15),(16,17),(18,19),(20,21),(24,25),(26,27)],[(0,24),(1,25),(2,26),(3,27),(4,22),(5,23),(6,18),(7,19),(8,20),(9,21),(10,12),(11,13),(14,16),(15,17)],[(0,27),(1,5),(2,25),(3,4),(6,14),(7,15),(8,10),(9,11),(12,20),(13,21),(16,18),(17,19),(22,26),(23,24)],[(0,3),(1,2),(4,23),(5,22),(6,8),(7,9),(10,14),(11,15),(12,16),(13,17),(18,20),(19,21),(24,27),(25,26)],[(0,1),(2,3),(4,5),(7,12),(8,10),(9,18),(11,16),(13,14),(15,20),(17,19),(22,23),(24,25),(26,27)],[(0,21),(1,14),(2,4),(3,5),(6,27),(7,8),(9,11),(10,12),(13,26),(15,17),(16,18),(19,20),(22,24),(23,25)],[(1,7),(2,8),(3,11),(4,18),(5,10),(9,23),(12,13),(14,15),(16,24),(17,22),(19,25),(20,26)],[(0,9),(3,7),(4,12),(5,6),(8,16),(10,14),(11,19),(13,17),(15,23),(18,27),(20,24),(21,22)],[(0,1),(2,5),(3,4),(6,8),(7,13),(9,12),(10,11),(14,20),(15,18),(16,17),(19,21),(22,25),(23,24),(26,27)],[(1,6),(3,5),(4,8),(7,9),(10,16),(11,17),(12,13),(14,15),(18,20),(19,23),(21,26),(22,24)],[(4,7),(5,6),(8,10),(9,12),(11,16),(13,14),(15,18),(17,19),(20,23),(21,22)],[(0,2),(1,3),(4,5),(6,7),(8,9),(10,12),(11,13),(14,16),(15,17),(18,19),(20,21),(22,23),(24,26),(25,27)],[(1,2),(3,4),(5,6),(7,8),(9,10),(11,12),(13,14),(15,16),(17,18),(19,20),(21,22),(23,24),(25,26)]
# n=28, depth=13, size=167
[(0,1),(2,3),(4,23),(5,22),(6,7),(8,9),(10,11),(12,13),(14,15),(16,17),(18,19),(20,21),(24,25),(26,27)],[(0,24),(1,25),(2,26),(3,27),(4,22),(5,23),(6,18),(7,19),(8,20),(9,21),(10,12),(11,13),(14,16),(15,17)],[(0,27),(1,5),(2,25),(3,4),(6,14),(7,15),(8,10),(9,11),(12,20),(13,21),(16,18),(17,19),(22,26),(23,24)],[(0,3),(1,2),(4,23),(5,22),(6,8),(7,9),(10,14),(11,15),(12,16),(13,17),(18,20),(19,21),(24,27),(25,26)],[(0,1),(2,3),(4,5),(7,12),(8,10),(9,18),(11,16),(13,14),(15,20),(17,19),(22,23),(24,25),(26,27)],[(0,6),(1,14),(2,4),(3,5),(7,8),(9,11),(10,12),(13,26),(15,17),(16,18),(19,20),(21,27),(22,24),(23,25)],[(1,6),(2,19),(3,17),(4,18),(5,20),(7,22),(8,25),(9,23),(10,24),(11,16),(12,13),(14,15),(21,26)],[(1,10),(2,12),(3,9),(4,8),(5,13),(6,11),(14,22),(15,25),(16,21),(17,26),(18,24),(19,23)],[(3,7),(5,8),(6,10),(9,16),(11,18),(12,14),(13,15),(17,21),(19,22),(20,24)],[(2,3),(4,6),(5,10),(7,12),(8,11),(9,14),(13,18),(15,20),(16,19),(17,22),(21,23),(24,25)],[(2,4),(3,7),(5,6),(8,12),(9,10),(11,14),(13,16),(15,19),(17,18),(20,24),(21,22),(23,25)],[(1,4),(3,5),(6,7),(8,9),(10,12),(11,13),(14,16),(15,17),(18,19),(20,21),(22,24),(23,26)],[(1,2),(3,4),(5,6),(7,8),(9,10),(11,12),(13,14),(15,16),(17,18),(19,20),(21,22),(23,24),(25,26)]
# n=28, depth=13, size=167
[(0,1),(2,3),(4,23),(5,22),(6,7),(8,9),(10,11),(12,13),(14,15),(16,17),(18,19),(20,21),(24,25),(26,27)],[(0,24),(1,25),(2,26),(3,27),(4,22),(5,23),(6,18),(7,19),(8,20),(9,21),(10,12),(11,13),(14,16),(15,17)],[(0,27),(1,5),(2,25),(3,4),(6,14),(7,15),(8,10),(9,11),(12,20),(13,21),(16,18),(17,19),(22,26),(23,24)],[(0,3),(1,2),(4,23),(5,22),(6,8),(7,9),(10,14),(11,15),(12,16),(13,17),(18,20),(19,21),(24,27),(25,26)],[(0,1),(2,3),(4,5),(7,12),(8,10),(9,18),(11,16),(13,14),(15,20),(17,19),(22,23),(24,25),(26,27)],[(0,21),(1,13),(2,4),(3,5),(6,27),(7,8),(9,11),(10,12),(14,26),(15,17),(16,18),(19,20),(22,24),(23,25)],[(0,8),(3,9),(4,20),(5,10),(7,23),(11,16),(12,13),(14,15),(17,22),(18,24),(19,27)],[(0,7),(1,6),(2,14),(4,11),(8,18),(9,19),(10,15),(12,17),(13,25),(16,23),(20,27),(21,26)],[(0,1),(2,12),(3,7),(4,6),(5,8),(9,14),(10,11),(13,18),(15,25),(16,17),(19,22),(20,24),(21,23),(26,27)],[(2,5),(3,4),(6,8),(7,12),(9,16),(10,13),(11,18),(14,17),(15,20),(19,21),(22,25),(23,24)],[(1,2),(4,6),(5,7),(8,9),(10,12),(11,14),(13,16),(15,17),(18,19),(20,22),(21,23),(25,26)],[(2,3),(4,5),(6,7),(8,10),(9,12),(11,13),(14,16),(15,18),(17,19),(20,21),(22,23),(24,25)],[(3,4),(5,6),(7,8),(9,10),(11,12),(13,14),(15,16),(17,18),(19,20),(21,22),(23,24)]
# n=28, depth=13, size=165
[(0,1),(2,3),(4,23),(5,22),(6,7),(8,9),(10,11),(12,13),(14,15),(16,17),(18,19),(20,21),(24,25),(26,27)],[(0,24),(1,25),(2,26),(3,27),(4,22),(5,23),(6,18),(7,19),(8,20),(9,21),(10,12),(11,13),(14,16),(15,17)],[(0,27),(1,5),(2,25),(3,4),(6,14),(7,15),(8,10),(9,11),(12,20),(13,21),(16,18),(17,19),(22,26),(23,24)],[(0,3),(1,2),(4,23),(5,22),(6,8),(7,9),(10,14),(11,15),(12,16),(13,17),(18,20),(19,21),(24,27),(25,26)],[(0,1),(2,3),(4,5),(7,12),(8,10),(9,18),(11,16),(13,14),(15,20),(17,19),(22,23),(24,25),(26,27)],[(0,6),(1,13),(2,4),(3,5),(7,8),(9,11),(10,12),(14,26),(15,17),(16,18),(19,20),(21,27),(22,24),(23,25)],[(3,19),(4,10),(5,20),(6,18),(7,22),(8,24),(9,21),(11,16),(12,13),(14,15),(17,23)],[(1,6),(2,14),(3,9),(4,8),(5,11),(10,15),(12,17),(13,25),(16,22),(18,24),(19,23),(21,26)],[(1,4),(2,3),(5,10),(6,8),(9,14),(11,15),(12,16),(13,18),(17,22),(19,21),(23,26),(24,25)],[(2,7),(3,12),(4,6),(5,8),(9,16),(10,13),(11,18),(14,17),(15,24),(19,22),(20,25),(21,23)],[(1,2),(3,6),(5,7),(8,10),(9,12),(11,16),(13,14),(15,18),(17,19),(20,22),(21,24),(25,26)],[(2,4),(3,5),(6,7),(8,9),(10,12),(11,13),(14,16),(15,17),(18,19),(20,21),(22,24),(23,25)],[(3,4),(5,6),(7,8),(9,10),(11,12),(13,14),(15,16),(17,18),(19,20),(21,22),(23,24)]
# n=28, depth=13, size=173
[(0,1),(2,3),(4,23),(5,22),(6,7),(8,9),(10,11),(12,13),(14,15),(16,17),(18,19),(20,21),(24,25),(26,27)],[(0,24),(1,25),(2,26),(3,27),(4,22),(5,23),(6,18),(7,19),(8,20),(9,21),(10,12),(11,13),(14,16),(15,17)],[(0,27),(1,5),(2,25),(3,4),(6,14),(7,15),(8,10),(9,11),(12,20),(13,21),(16,18),(17,19),(22,26),(23,24)],[(0,3),(1,2),(4,23),(5,22),(6,8),(7,10),(9,14),(11,15),(12,16),(13,18),(17,20),(19,21),(24,27),(25,26)],[(0,1),(2,3),(4,5),(7,9),(8,12),(10,13),(11,16),(14,17),(15,19),(18,20),(22,23),(24,25),(26,27)],[(0,11),(1,6),(2,4),(3,5),(7,8),(9,12),(10,14),(13,17),(15,18),(16,27),(19,20),(21,26),(22,24),(23,25)],[(1,4),(2,17),(3,9),(5,7),(6,19),(8,21),(10,25),(11,12),(13,14),(15,16),(18,24),(20,22),(23,26)],[(2,8),(3,5),(4,15),(6,10),(7,14),(9,16),(11,18),(12,23),(13,20),(17,21),(19,25),(22,24)],[(0,5),(1,2),(3,6),(4,11),(7,10),(8,13),(9,12),(14,19),(15,18),(16,23),(17,20),(21,24),(22,27),(25,26)],[(0,2),(4,6),(5,8),(7,11),(9,13),(10,15),(12,17),(14,18),(16,20),(19,22),(21,23),(25,27)],[(0,1),(2,4),(3,5),(6,9),(7,8),(10,12),(11,13),(14,16),(15,17),(18,21),(19,20),(22,24),(23,25),(26,27)],[(2,3),(4,5),(6,7),(8,9),(10,11),(12,13),(14,15),(16,17),(18,19),(20,21),(22,23),(24,25)],[(1,2),(3,4),(5,6),(7,8),(9,10),(11,12),(13,14),(15,16),(17,18),(19,20),(21,22),(23,24),(25,26)]
# n=28, depth=13, size=173
[(0,1),(2,3),(4,23),(5,22),(6,7),(8,9),(10,11),(12,13),(14,15),(16,17),(18,19),(20,21),(24,25),(26,27)],[(0,24),(1,25),(2,26),(3,27),(4,22),(5,23),(6,18),(7,19),(8,20),(9,21),(10,12),(11,13),(14,16),(15,17)],[(0,27),(1,5),(2,25),(3,4),(6,14),(7,15),(8,10),(9,11),(12,20),(13,21),(16,18),(17,19),(22,26),(23,24)],[(0,3),(1,2),(4,23),(5,22),(6,8),(7,10),(9,14),(11,15),(12,16),(13,18),(17,20),(19,21),(24,27),(25,26)],[(0,1),(2,3),(4,5),(7,9),(8,12),(10,13),(11,16),(14,17),(15,19),(18,20),(22,23),(24,25),(26,27)],[(0,16),(1,21),(2,4),(3,5),(6,26),(7,8),(9,12),(10,14),(11,27),(13,17),(15,18),(19,20),(22,24),(23,25)],[(1,19),(2,17),(3,20),(4,18),(5,21),(6,22),(7,24),(8,26),(9,23),(10,25),(11,12),(13,14),(15,16)],[(0,9),(1,10),(2,8),(3,12),(4,11),(5,14),(13,22),(15,24),(16,23),(17,26),(18,27),(19,25)],[(0,1),(2,6),(3,13),(4,7),(5,15),(8,9),(10,11),(12,22),(14,24),(16,17),(18,19),(20,23),(21,25),(26,27)],[(0,2),(1,7),(3,8),(4,6),(5,10),(9,13),(11,15),(12,16),(14,18),(17,22),(19,24),(20,26),(21,23),(25,27)],[(1,6),(2,4),(5,8),(7,9),(10,11),(12,13),(14,15),(16,17),(18,20),(19,22),(21,26),(23,25)],[(1,4),(3,6),(5,7),(8,9),(10,12),(11,13),(14,16),(15,17),(18,19),(20,22),(21,24),(23,26)],[(1,2),(3,4),(5,6),(7,8),(9,10),(11,12),(13,14),(15,16),(17,18),(19,20),(21,22),(23,24),(25,26)]
# n=28, depth=13, size=170
[(0,1),(2,3),(4,23),(5,22),(6,7),(8,9),(10,11),(12,13),(14,15),(16,17),(18,19),(20,21),(24,25),(26,27)],[(0,24),(1,25),(2,26),(3,27),(4,22),(5,23),(6,18),(7,19),(8,20),(9,21),(10,12),(11,13),(14,16),(15,17)],[(0,27),(1,5),(2,25),(3,4),(6,14),(7,15),(8,10),(9,11),(12,20),(13,21),(16,18),(17,19),(22,26),(23,24)],[(0,3),(1,2),(4,23),(5,22),(6,8),(7,10),(9,14),(11,15),(12,16),(13,18),(17,20),(19,21),(24,27),(25,26)],[(0,1),(2,3),(4,5),(7,9),(8,12),(10,13),(11,16),(14,17),(15,19),(18,20),(22,23),(24,25),(26,27)],[(0,16),(1,6),(2,4),(3,5),(7,8),(9,12),(10,14),(11,27),(13,17),(15,18),(19,20),(21,26),(22,24),(23,25)],[(2,19),(3,18),(4,17),(5,20),(6,21),(7,22),(8,25),(9,24),(10,23),(11,12),(13,14),(15,16)],[(0,9),(2,10),(3,11),(4,8),(5,12),(6,13),(14,21),(15,22),(16,24),(17,25),(18,27),(19,23)],[(0,7),(2,3),(5,8),(6,9),(10,15),(11,14),(12,17),(13,16),(18,21),(19,22),(20,27),(24,25)],[(2,7),(3,10),(4,6),(5,9),(8,13),(11,15),(12,16),(14,19),(17,24),(18,22),(20,25),(21,23)],[(0,1),(2,4),(3,5),(6,7),(8,9),(10,11),(12,15),(13,14),(16,17),(18,19),(20,21),(22,24),(23,25),(26,27)],[(1,4),(3,6),(5,7),(8,10),(9,11),(12,13),(14,15),(16,18),(17,19),(20,22),(21,24),(23,26)],[(1,2),(3,4),(5,6),(7,8),(9,10),(11,12),(13,14),(15,16),(17,18),(19,20),(21,22),(23,24),(25,26)]
# n=28, depth=13, size=168
[(0,1),(2,3),(4,23),(5,22),(6,7),(8,9),(10,11),(12,13),(14,15),(16,17),(18,19),(20,21),(24,25),(26,27)],[(0,24),(1,25),(2,26),(3,27),(4,22),(5,23),(6,18),(7,19),(8,20),(9,21),(10,12),(11,13),(14,16),(15,17)],[(0,27),(1,5),(2,25),(3,4),(6,14),(7,15),(8,10),(9,11),(12,20),(13,21),(16,18),(17,19),(22,26),(23,24)],[(0,3),(1,2),(4,23),(5,22),(6,8),(7,10),(9,14),(11,15),(12,16),(13,18),(17,20),(19,21),(24,27),(25,26)],[(0,1),(2,3),(4,5),(7,9),(8,12),(10,13),(11,16),(14,17),(15,19),(18,20),(22,23),(24,25),(26,27)],[(0,11),(1,21),(2,4),(3,5),(6,26),(7,8),(9,12),(10,14),(13,17),(15,18),(16,27),(19,20),(22,24),(23,25)],[(1,10),(2,9),(3,8),(4,7),(5,22),(11,12),(13,14),(15,16),(17,26),(18,25),(19,24),(20,23)],[(3,6),(5,13),(7,15),(8,16),(9,17),(10,18),(11,19),(12,20),(14,22),(21,24)],[(0,6),(2,3),(5,9),(7,11),(8,12),(10,14),(13,17),(15,19),(16,20),(18,22),(21,27),(24,25)],[(0,2),(1,7),(3,4),(5,6),(8,9),(10,11),(12,13),(14,15),(16,17),(18,19),(20,26),(21,22),(23,24),(25,27)],[(1,4),(2,3),(6,8),(7,10),(9,12),(11,14),(13,16),(15,18),(17,20),(19,21),(23,26),(24,25)],[(1,3),(4,5),(6,7),(8,10),(9,11),(12,14),(13,15),(16,18),(17,19),(20,21),(22,23),(24,26)],[(1,2),(3,4),(5,6),(7,8),(9,10),(11,12),(13,14),(15,16),(17,18),(19,20),(21,22),(23,24),(25,26)]
