# n27d13_by_channel_deletion
# n=27 size=154 depth=13 symmetric=False
# provenance: channel 0 deleted from data/wang_n28d13.txt, then stripped/re-layered (nettools.py); not better than the table's 153
[(0,25),(1,24),(2,23),(3,22),(4,21),(5,20),(6,19),(7,8),(9,10),(11,14),(12,13),(15,16),(17,18)]
[(1,2),(3,4),(5,6),(7,9),(8,10),(11,13),(12,14),(15,17),(16,18),(19,20),(21,22),(23,24),(25,26)]
[(0,2),(3,5),(4,6),(7,18),(8,11),(9,13),(10,15),(12,16),(14,17),(19,21),(20,22),(23,25),(24,26)]
[(0,4),(1,19),(2,20),(5,23),(6,24),(7,12),(8,10),(9,16),(11,14),(13,18),(15,17),(21,25),(22,26)]
[(0,1),(2,23),(3,5),(4,21),(6,19),(7,8),(9,11),(10,12),(13,15),(14,16),(17,18),(20,22),(24,25)]
[(0,3),(1,5),(2,8),(4,6),(9,10),(11,12),(13,14),(15,16),(17,23),(18,26),(19,21),(20,24),(22,25)]
[(0,9),(1,12),(3,7),(4,11),(5,8),(6,19),(13,24),(14,21),(16,25),(17,20),(18,22)]
[(2,3),(5,13),(6,10),(7,14),(8,16),(9,17),(11,18),(12,20),(15,19),(22,23)]
[(1,3),(4,5),(6,7),(8,12),(10,14),(11,15),(13,17),(18,19),(20,21),(22,24),(0,2),(23,25)]
[(1,6),(3,7),(5,9),(8,10),(11,13),(12,14),(15,17),(16,20),(18,22),(19,24)]
[(3,6),(4,5),(7,8),(9,11),(10,15),(12,13),(14,16),(17,18),(19,22),(20,21),(1,2),(23,24)]
[(3,4),(5,6),(7,9),(8,11),(10,12),(13,15),(14,17),(16,18),(19,20),(21,22)]
[(2,3),(4,5),(6,7),(8,9),(10,11),(12,13),(14,15),(16,17),(18,19),(20,21),(22,23)]
