# n28d13_own_encoder_on_wang_prefix_0003
# n=28 size=163 depth=13 symmetric=True
# provenance: own encoder (src/snt cnf) on Wang's 6-layer prefix 0003 + minisat, decoded/stripped by snt decode; runs/calib_wang_n28d6_minisat
[(0,1),(2,3),(4,23),(5,22),(6,7),(8,9),(10,11),(12,13),(14,15),(16,17),(18,19),(20,21),(24,25),(26,27)]
[(0,24),(1,25),(2,26),(3,27),(4,22),(5,23),(6,18),(7,19),(8,20),(9,21),(10,12),(11,13),(14,16),(15,17)]
[(0,27),(1,5),(2,25),(3,4),(6,14),(7,15),(8,10),(9,11),(12,20),(13,21),(16,18),(17,19),(22,26),(23,24)]
[(0,3),(1,2),(4,23),(5,22),(6,8),(7,9),(10,14),(11,15),(12,16),(13,17),(18,20),(19,21),(24,27),(25,26)]
[(0,1),(2,3),(4,5),(7,12),(8,10),(9,18),(11,16),(13,14),(15,20),(17,19),(22,23),(24,25),(26,27)]
[(0,6),(1,13),(2,4),(3,5),(7,8),(9,11),(10,12),(14,26),(15,17),(16,18),(19,20),(21,27),(22,24),(23,25)]
[(3,9),(4,20),(5,8),(6,10),(7,23),(11,16),(12,13),(14,15),(17,21),(18,24),(19,22)]
[(1,6),(2,14),(3,5),(4,11),(8,15),(9,17),(10,18),(12,19),(13,25),(16,23),(21,26),(22,24)]
[(2,7),(3,4),(5,12),(6,10),(8,18),(9,19),(11,13),(14,16),(15,22),(17,21),(20,25),(23,24)]
[(1,2),(3,6),(4,10),(7,12),(8,11),(9,14),(13,18),(15,20),(16,19),(17,23),(21,24),(25,26)]
[(2,3),(4,7),(5,6),(8,12),(9,10),(11,16),(13,14),(15,19),(17,18),(20,23),(21,22),(24,25)]
[(4,5),(6,7),(8,9),(10,12),(11,13),(14,16),(15,17),(18,19),(20,21),(22,23)]
[(3,4),(5,6),(7,8),(9,10),(11,12),(13,14),(15,16),(17,18),(19,20),(21,22),(23,24)]
