# n28d13_wang_pipeline_repro_4
# n=28 size=165 depth=13 symmetric=True
# provenance: Wang's pipeline (github.com/wcgbg/sorting-network-n28d13, built locally), solution 4 of 8, minisat; see runs/phase1_wang/log.txt
[(0,1),(2,3),(4,23),(5,22),(6,7),(8,9),(10,11),(12,13),(14,15),(16,17),(18,19),(20,21),(24,25),(26,27)]
[(0,24),(1,25),(2,26),(3,27),(4,22),(5,23),(6,18),(7,19),(8,20),(9,21),(10,12),(11,13),(14,16),(15,17)]
[(0,27),(1,5),(2,25),(3,4),(6,14),(7,15),(8,10),(9,11),(12,20),(13,21),(16,18),(17,19),(22,26),(23,24)]
[(0,3),(1,2),(4,23),(5,22),(6,8),(7,9),(10,14),(11,15),(12,16),(13,17),(18,20),(19,21),(24,27),(25,26)]
[(0,1),(2,3),(4,5),(7,12),(8,10),(9,18),(11,16),(13,14),(15,20),(17,19),(22,23),(24,25),(26,27)]
[(0,6),(1,13),(2,4),(3,5),(7,8),(9,11),(10,12),(14,26),(15,17),(16,18),(19,20),(21,27),(22,24),(23,25)]
[(3,19),(4,10),(5,20),(6,18),(7,22),(8,24),(9,21),(11,16),(12,13),(14,15),(17,23)]
[(1,6),(2,14),(3,9),(4,8),(5,11),(10,15),(12,17),(13,25),(16,22),(18,24),(19,23),(21,26)]
[(1,4),(2,3),(5,10),(6,8),(9,14),(11,15),(12,16),(13,18),(17,22),(19,21),(23,26),(24,25)]
[(2,7),(3,12),(4,6),(5,8),(9,16),(10,13),(11,18),(14,17),(15,24),(19,22),(20,25),(21,23)]
[(1,2),(3,6),(5,7),(8,10),(9,12),(11,16),(13,14),(15,18),(17,19),(20,22),(21,24),(25,26)]
[(2,4),(3,5),(6,7),(8,9),(10,12),(11,13),(14,16),(15,17),(18,19),(20,21),(22,24),(23,25)]
[(3,4),(5,6),(7,8),(9,10),(11,12),(13,14),(15,16),(17,18),(19,20),(21,22),(23,24)]
