# n28d13_wang_pipeline_repro_1
# n=28 size=170 depth=13 symmetric=True
# provenance: Wang's pipeline (github.com/wcgbg/sorting-network-n28d13, built locally), solution 1 of 8, minisat; see runs/phase1_wang/log.txt
[(0,1),(2,3),(4,23),(5,22),(6,7),(8,9),(10,11),(12,13),(14,15),(16,17),(18,19),(20,21),(24,25),(26,27)]
[(0,24),(1,25),(2,26),(3,27),(4,22),(5,23),(6,18),(7,19),(8,20),(9,21),(10,12),(11,13),(14,16),(15,17)]
[(0,27),(1,5),(2,25),(3,4),(6,14),(7,15),(8,10),(9,11),(12,20),(13,21),(16,18),(17,19),(22,26),(23,24)]
[(0,3),(1,2),(4,23),(5,22),(6,8),(7,9),(10,14),(11,15),(12,16),(13,17),(18,20),(19,21),(24,27),(25,26)]
[(0,1),(2,3),(4,5),(7,12),(8,10),(9,18),(11,16),(13,14),(15,20),(17,19),(22,23),(24,25),(26,27)]
[(0,21),(1,14),(2,4),(3,5),(6,27),(7,8),(9,11),(10,12),(13,26),(15,17),(16,18),(19,20),(22,24),(23,25)]
[(1,7),(2,8),(3,11),(4,18),(5,10),(9,23),(12,13),(14,15),(16,24),(17,22),(19,25),(20,26)]
[(0,9),(3,7),(4,12),(5,6),(8,16),(10,14),(11,19),(13,17),(15,23),(18,27),(20,24),(21,22)]
[(0,1),(2,5),(3,4),(6,8),(7,13),(9,12),(10,11),(14,20),(15,18),(16,17),(19,21),(22,25),(23,24),(26,27)]
[(1,6),(3,5),(4,8),(7,9),(10,16),(11,17),(12,13),(14,15),(18,20),(19,23),(21,26),(22,24)]
[(4,7),(5,6),(8,10),(9,12),(11,16),(13,14),(15,18),(17,19),(20,23),(21,22)]
[(0,2),(1,3),(4,5),(6,7),(8,9),(10,12),(11,13),(14,16),(15,17),(18,19),(20,21),(22,23),(24,26),(25,27)]
[(1,2),(3,4),(5,6),(7,8),(9,10),(11,12),(13,14),(15,16),(17,18),(19,20),(21,22),(23,24),(25,26)]
