# n28d13_wang_pipeline_repro_7
# n=28 size=170 depth=13 symmetric=True
# provenance: Wang's pipeline (github.com/wcgbg/sorting-network-n28d13, built locally), solution 7 of 8, minisat; see runs/phase1_wang/log.txt
[(0,1),(2,3),(4,23),(5,22),(6,7),(8,9),(10,11),(12,13),(14,15),(16,17),(18,19),(20,21),(24,25),(26,27)]
[(0,24),(1,25),(2,26),(3,27),(4,22),(5,23),(6,18),(7,19),(8,20),(9,21),(10,12),(11,13),(14,16),(15,17)]
[(0,27),(1,5),(2,25),(3,4),(6,14),(7,15),(8,10),(9,11),(12,20),(13,21),(16,18),(17,19),(22,26),(23,24)]
[(0,3),(1,2),(4,23),(5,22),(6,8),(7,10),(9,14),(11,15),(12,16),(13,18),(17,20),(19,21),(24,27),(25,26)]
[(0,1),(2,3),(4,5),(7,9),(8,12),(10,13),(11,16),(14,17),(15,19),(18,20),(22,23),(24,25),(26,27)]
[(0,16),(1,6),(2,4),(3,5),(7,8),(9,12),(10,14),(11,27),(13,17),(15,18),(19,20),(21,26),(22,24),(23,25)]
[(2,19),(3,18),(4,17),(5,20),(6,21),(7,22),(8,25),(9,24),(10,23),(11,12),(13,14),(15,16)]
[(0,9),(2,10),(3,11),(4,8),(5,12),(6,13),(14,21),(15,22),(16,24),(17,25),(18,27),(19,23)]
[(0,7),(2,3),(5,8),(6,9),(10,15),(11,14),(12,17),(13,16),(18,21),(19,22),(20,27),(24,25)]
[(2,7),(3,10),(4,6),(5,9),(8,13),(11,15),(12,16),(14,19),(17,24),(18,22),(20,25),(21,23)]
[(0,1),(2,4),(3,5),(6,7),(8,9),(10,11),(12,15),(13,14),(16,17),(18,19),(20,21),(22,24),(23,25),(26,27)]
[(1,4),(3,6),(5,7),(8,10),(9,11),(12,13),(14,15),(16,18),(17,19),(20,22),(21,24),(23,26)]
[(1,2),(3,4),(5,6),(7,8),(9,10),(11,12),(13,14),(15,16),(17,18),(19,20),(21,22),(23,24),(25,26)]
