# n28d13_wang_pipeline_repro_6
# n=28 size=173 depth=13 symmetric=True
# provenance: Wang's pipeline (github.com/wcgbg/sorting-network-n28d13, built locally), solution 6 of 8, minisat; see runs/phase1_wang/log.txt
[(0,1),(2,3),(4,23),(5,22),(6,7),(8,9),(10,11),(12,13),(14,15),(16,17),(18,19),(20,21),(24,25),(26,27)]
[(0,24),(1,25),(2,26),(3,27),(4,22),(5,23),(6,18),(7,19),(8,20),(9,21),(10,12),(11,13),(14,16),(15,17)]
[(0,27),(1,5),(2,25),(3,4),(6,14),(7,15),(8,10),(9,11),(12,20),(13,21),(16,18),(17,19),(22,26),(23,24)]
[(0,3),(1,2),(4,23),(5,22),(6,8),(7,10),(9,14),(11,15),(12,16),(13,18),(17,20),(19,21),(24,27),(25,26)]
[(0,1),(2,3),(4,5),(7,9),(8,12),(10,13),(11,16),(14,17),(15,19),(18,20),(22,23),(24,25),(26,27)]
[(0,16),(1,21),(2,4),(3,5),(6,26),(7,8),(9,12),(10,14),(11,27),(13,17),(15,18),(19,20),(22,24),(23,25)]
[(1,19),(2,17),(3,20),(4,18),(5,21),(6,22),(7,24),(8,26),(9,23),(10,25),(11,12),(13,14),(15,16)]
[(0,9),(1,10),(2,8),(3,12),(4,11),(5,14),(13,22),(15,24),(16,23),(17,26),(18,27),(19,25)]
[(0,1),(2,6),(3,13),(4,7),(5,15),(8,9),(10,11),(12,22),(14,24),(16,17),(18,19),(20,23),(21,25),(26,27)]
[(0,2),(1,7),(3,8),(4,6),(5,10),(9,13),(11,15),(12,16),(14,18),(17,22),(19,24),(20,26),(21,23),(25,27)]
[(1,6),(2,4),(5,8),(7,9),(10,11),(12,13),(14,15),(16,17),(18,20),(19,22),(21,26),(23,25)]
[(1,4),(3,6),(5,7),(8,9),(10,12),(11,13),(14,16),(15,17),(18,19),(20,22),(21,24),(23,26)]
[(1,2),(3,4),(5,6),(7,8),(9,10),(11,12),(13,14),(15,16),(17,18),(19,20),(21,22),(23,24),(25,26)]
