# n=30
# greedy keep=64
[(1,2),(3,4),(5,6),(7,8),(9,10),(11,12),(13,14),(15,16),(17,18),(19,20),(21,22),(23,24),(25,26),(27,28)],[(0,2),(3,5),(4,6),(7,9),(8,10),(11,13),(12,14),(15,17),(16,18),(19,21),(20,22),(23,25),(24,26),(27,29)],[(0,4),(1,5),(2,6),(7,11),(8,12),(9,13),(10,14),(15,19),(16,20),(17,21),(18,22),(23,27),(24,28),(25,29)],[(0,24),(1,25),(2,26),(3,27),(4,28),(5,29),(7,15),(8,16),(9,17),(10,18),(11,19),(12,20),(13,21),(14,22)],[(0,1),(2,27),(3,23),(4,25),(5,24),(6,26),(8,9),(10,19),(11,15),(12,17),(13,16),(14,18),(20,21),(28,29)],[(0,3),(1,23),(2,10),(4,5),(6,28),(8,11),(9,15),(12,13),(14,20),(16,17),(18,21),(19,27),(24,25),(26,29)],[(1,3),(4,10),(5,23),(6,24),(13,15),(14,16),(19,25),(26,28)]  # out=1080
[(1,2),(3,4),(5,6),(7,8),(9,10),(11,12),(13,14),(15,16),(17,18),(19,20),(21,22),(23,24),(25,26),(27,28)],[(0,2),(3,5),(4,6),(7,9),(8,10),(11,13),(12,14),(15,17),(16,18),(19,21),(20,22),(23,25),(24,26),(27,29)],[(0,4),(1,5),(2,6),(7,11),(8,12),(9,13),(10,14),(15,19),(16,20),(17,21),(18,22),(23,27),(24,28),(25,29)],[(0,24),(1,25),(2,26),(3,27),(4,28),(5,29),(7,15),(8,16),(9,17),(10,18),(11,19),(12,20),(13,21),(14,22)],[(0,1),(2,27),(3,23),(4,25),(5,24),(6,26),(8,9),(10,19),(11,15),(12,17),(13,16),(14,18),(20,21),(28,29)],[(0,3),(1,23),(2,10),(4,5),(6,28),(8,11),(9,15),(12,13),(14,20),(16,17),(18,21),(19,27),(24,25),(26,29)],[(5,23),(6,24),(9,11),(10,12),(13,15),(14,16),(17,19),(18,20)]  # out=1090
[(1,2),(3,4),(5,6),(7,8),(9,10),(11,12),(13,14),(15,16),(17,18),(19,20),(21,22),(23,24),(25,26),(27,28)],[(0,2),(3,5),(4,6),(7,9),(8,10),(11,13),(12,14),(15,17),(16,18),(19,21),(20,22),(23,25),(24,26),(27,29)],[(0,4),(1,5),(2,6),(7,11),(8,12),(9,13),(10,14),(15,19),(16,20),(17,21),(18,22),(23,27),(24,28),(25,29)],[(0,24),(1,25),(2,26),(3,27),(4,28),(5,29),(7,15),(8,16),(9,17),(10,18),(11,19),(12,20),(13,21),(14,22)],[(0,1),(2,27),(3,23),(4,25),(5,24),(6,26),(8,9),(10,19),(11,15),(12,17),(13,16),(14,18),(20,21),(28,29)],[(0,3),(1,23),(2,10),(4,5),(6,28),(8,11),(9,15),(12,13),(14,20),(16,17),(18,21),(19,27),(24,25),(26,29)],[(1,3),(2,4),(5,10),(13,15),(14,16),(19,24),(25,27),(26,28)]  # out=1096
[(1,2),(3,4),(5,6),(7,8),(9,10),(11,12),(13,14),(15,16),(17,18),(19,20),(21,22),(23,24),(25,26),(27,28)],[(0,2),(3,5),(4,6),(7,9),(8,10),(11,13),(12,14),(15,17),(16,18),(19,21),(20,22),(23,25),(24,26),(27,29)],[(0,4),(1,5),(2,6),(7,11),(8,12),(9,13),(10,14),(15,19),(16,20),(17,21),(18,22),(23,27),(24,28),(25,29)],[(0,24),(1,25),(2,26),(3,27),(4,28),(5,29),(7,15),(8,16),(9,17),(10,18),(11,19),(12,20),(13,21),(14,22)],[(0,1),(2,27),(3,23),(4,25),(5,24),(6,26),(8,9),(10,19),(11,15),(12,17),(13,16),(14,18),(20,21),(28,29)],[(0,3),(1,23),(2,10),(4,5),(6,28),(8,11),(9,15),(12,13),(14,20),(16,17),(18,21),(19,27),(24,25),(26,29)],[(2,12),(5,23),(6,24),(9,11),(10,13),(16,19),(17,27),(18,20)]  # out=1104
[(1,2),(3,4),(5,6),(7,8),(9,10),(11,12),(13,14),(15,16),(17,18),(19,20),(21,22),(23,24),(25,26),(27,28)],[(0,2),(3,5),(4,6),(7,9),(8,10),(11,13),(12,14),(15,17),(16,18),(19,21),(20,22),(23,25),(24,26),(27,29)],[(0,4),(1,5),(2,6),(7,11),(8,12),(9,13),(10,14),(15,19),(16,20),(17,21),(18,22),(23,27),(24,28),(25,29)],[(0,24),(1,25),(2,26),(3,27),(4,28),(5,29),(7,15),(8,16),(9,17),(10,18),(11,19),(12,20),(13,21),(14,22)],[(0,1),(2,27),(3,23),(4,25),(5,24),(6,26),(8,9),(10,19),(11,15),(12,17),(13,16),(14,18),(20,21),(28,29)],[(0,3),(1,23),(2,10),(4,5),(6,28),(8,11),(9,15),(12,13),(14,20),(16,17),(18,21),(19,27),(24,25),(26,29)],[(1,3),(2,12),(5,23),(6,24),(10,13),(16,19),(17,27),(26,28)]  # out=1110
[(1,2),(3,4),(5,6),(7,8),(9,10),(11,12),(13,14),(15,16),(17,18),(19,20),(21,22),(23,24),(25,26),(27,28)],[(0,2),(3,5),(4,6),(7,9),(8,10),(11,13),(12,14),(15,17),(16,18),(19,21),(20,22),(23,25),(24,26),(27,29)],[(0,4),(1,5),(2,6),(7,11),(8,12),(9,13),(10,14),(15,19),(16,20),(17,21),(18,22),(23,27),(24,28),(25,29)],[(0,24),(1,25),(2,26),(3,27),(4,28),(5,29),(7,15),(8,16),(9,17),(10,18),(11,19),(12,20),(13,21),(14,22)],[(0,1),(2,27),(3,23),(4,25),(5,24),(6,26),(8,9),(10,19),(11,15),(12,17),(13,16),(14,18),(20,21),(28,29)],[(0,3),(1,23),(2,10),(4,5),(6,28),(8,11),(9,15),(12,13),(14,20),(16,17),(18,21),(19,27),(24,25),(26,29)],[(1,4),(2,12),(5,23),(6,24),(10,13),(16,19),(17,27),(25,28)]  # out=1110
[(1,2),(3,4),(5,6),(7,8),(9,10),(11,12),(13,14),(15,16),(17,18),(19,20),(21,22),(23,24),(25,26),(27,28)],[(0,2),(3,5),(4,6),(7,9),(8,10),(11,13),(12,14),(15,17),(16,18),(19,21),(20,22),(23,25),(24,26),(27,29)],[(0,4),(1,5),(2,6),(7,11),(8,12),(9,13),(10,14),(15,19),(16,20),(17,21),(18,22),(23,27),(24,28),(25,29)],[(0,24),(1,25),(2,26),(3,27),(4,28),(5,29),(7,15),(8,16),(9,17),(10,18),(11,19),(12,20),(13,21),(14,22)],[(0,1),(2,27),(3,23),(4,25),(5,24),(6,26),(8,9),(10,19),(11,15),(12,17),(13,16),(14,18),(20,21),(28,29)],[(0,3),(1,23),(2,10),(4,5),(6,28),(8,11),(9,15),(12,13),(14,20),(16,17),(18,21),(19,27),(24,25),(26,29)],[(1,3),(4,10),(5,23),(6,24),(12,15),(14,17),(19,25),(26,28)]  # out=1110
[(1,2),(3,4),(5,6),(7,8),(9,10),(11,12),(13,14),(15,16),(17,18),(19,20),(21,22),(23,24),(25,26),(27,28)],[(0,2),(3,5),(4,6),(7,9),(8,10),(11,13),(12,14),(15,17),(16,18),(19,21),(20,22),(23,25),(24,26),(27,29)],[(0,4),(1,5),(2,6),(7,11),(8,12),(9,13),(10,14),(15,19),(16,20),(17,21),(18,22),(23,27),(24,28),(25,29)],[(0,24),(1,25),(2,26),(3,27),(4,28),(5,29),(7,15),(8,16),(9,17),(10,18),(11,19),(12,20),(13,21),(14,22)],[(0,1),(2,27),(3,23),(4,25),(5,24),(6,26),(8,9),(10,19),(11,15),(12,17),(13,16),(14,18),(20,21),(28,29)],[(0,3),(1,23),(2,10),(4,5),(6,28),(8,11),(9,15),(12,13),(14,20),(16,17),(18,21),(19,27),(24,25),(26,29)],[(2,4),(5,10),(9,11),(13,15),(14,16),(18,20),(19,24),(25,27)]  # out=1112
[(1,2),(3,4),(5,6),(7,8),(9,10),(11,12),(13,14),(15,16),(17,18),(19,20),(21,22),(23,24),(25,26),(27,28)],[(0,2),(3,5),(4,6),(7,9),(8,10),(11,13),(12,14),(15,17),(16,18),(19,21),(20,22),(23,25),(24,26),(27,29)],[(0,4),(1,5),(2,6),(7,11),(8,12),(9,13),(10,14),(15,19),(16,20),(17,21),(18,22),(23,27),(24,28),(25,29)],[(0,24),(1,25),(2,26),(3,27),(4,28),(5,29),(7,15),(8,16),(9,17),(10,18),(11,19),(12,20),(13,21),(14,22)],[(0,1),(2,27),(3,23),(4,25),(5,24),(6,26),(8,9),(10,19),(11,15),(12,17),(13,16),(14,18),(20,21),(28,29)],[(0,3),(1,23),(2,10),(4,5),(6,28),(8,11),(9,15),(12,13),(14,20),(16,17),(18,21),(19,27),(24,25),(26,29)],[(2,4),(5,10),(9,12),(13,15),(14,16),(17,20),(19,24),(25,27)]  # out=1112
[(1,2),(3,4),(5,6),(7,8),(9,10),(11,12),(13,14),(15,16),(17,18),(19,20),(21,22),(23,24),(25,26),(27,28)],[(0,2),(3,5),(4,6),(7,9),(8,10),(11,13),(12,14),(15,17),(16,18),(19,21),(20,22),(23,25),(24,26),(27,29)],[(0,4),(1,5),(2,6),(7,11),(8,12),(9,13),(10,14),(15,19),(16,20),(17,21),(18,22),(23,27),(24,28),(25,29)],[(0,24),(1,25),(2,26),(3,27),(4,28),(5,29),(7,15),(8,16),(9,17),(10,18),(11,19),(12,20),(13,21),(14,22)],[(0,1),(2,27),(3,23),(4,25),(5,24),(6,26),(8,9),(10,19),(11,15),(12,17),(13,16),(14,18),(20,21),(28,29)],[(0,3),(1,23),(2,10),(4,5),(6,28),(8,11),(9,15),(12,13),(14,20),(16,17),(18,21),(19,27),(24,25),(26,29)],[(1,3),(5,23),(6,24),(10,19),(13,15),(14,16),(26,28)]  # out=1116
[(1,2),(3,4),(5,6),(7,8),(9,10),(11,12),(13,14),(15,16),(17,18),(19,20),(21,22),(23,24),(25,26),(27,28)],[(0,2),(3,5),(4,6),(7,9),(8,10),(11,13),(12,14),(15,17),(16,18),(19,21),(20,22),(23,25),(24,26),(27,29)],[(0,4),(1,5),(2,6),(7,11),(8,12),(9,13),(10,14),(15,19),(16,20),(17,21),(18,22),(23,27),(24,28),(25,29)],[(0,24),(1,25),(2,26),(3,27),(4,28),(5,29),(7,15),(8,16),(9,17),(10,18),(11,19),(12,20),(13,21),(14,22)],[(0,1),(2,27),(3,23),(4,25),(5,24),(6,26),(8,9),(10,19),(11,15),(12,17),(13,16),(14,18),(20,21),(28,29)],[(0,3),(1,23),(2,10),(4,5),(6,28),(8,11),(9,15),(12,13),(14,20),(16,17),(18,21),(19,27),(24,25),(26,29)],[(1,4),(5,23),(6,24),(10,19),(13,15),(14,16),(25,28)]  # out=1116
[(1,2),(3,4),(5,6),(7,8),(9,10),(11,12),(13,14),(15,16),(17,18),(19,20),(21,22),(23,24),(25,26),(27,28)],[(0,2),(3,5),(4,6),(7,9),(8,10),(11,13),(12,14),(15,17),(16,18),(19,21),(20,22),(23,25),(24,26),(27,29)],[(0,4),(1,5),(2,6),(7,11),(8,12),(9,13),(10,14),(15,19),(16,20),(17,21),(18,22),(23,27),(24,28),(25,29)],[(0,24),(1,25),(2,26),(3,27),(4,28),(5,29),(7,15),(8,16),(9,17),(10,18),(11,19),(12,20),(13,21),(14,22)],[(0,1),(2,27),(3,23),(4,25),(5,24),(6,26),(8,9),(10,19),(11,15),(12,17),(13,16),(14,18),(20,21),(28,29)],[(0,3),(1,23),(2,10),(4,5),(6,28),(8,11),(9,15),(12,13),(14,20),(16,17),(18,21),(19,27),(24,25),(26,29)],[(1,3),(2,4),(5,19),(10,24),(13,15),(14,16),(25,27),(26,28)]  # out=1118
[(1,2),(3,4),(5,6),(7,8),(9,10),(11,12),(13,14),(15,16),(17,18),(19,20),(21,22),(23,24),(25,26),(27,28)],[(0,2),(3,5),(4,6),(7,9),(8,10),(11,13),(12,14),(15,17),(16,18),(19,21),(20,22),(23,25),(24,26),(27,29)],[(0,4),(1,5),(2,6),(7,11),(8,12),(9,13),(10,14),(15,19),(16,20),(17,21),(18,22),(23,27),(24,28),(25,29)],[(0,24),(1,25),(2,26),(3,27),(4,28),(5,29),(7,15),(8,16),(9,17),(10,18),(11,19),(12,20),(13,21),(14,22)],[(0,1),(2,27),(3,23),(4,25),(5,24),(6,26),(8,9),(10,19),(11,15),(12,17),(13,16),(14,18),(20,21),(28,29)],[(0,3),(1,23),(2,10),(4,5),(6,28),(8,11),(9,15),(12,13),(14,20),(16,17),(18,21),(19,27),(24,25),(26,29)],[(5,23),(6,24),(9,11),(10,19),(13,15),(14,16),(18,20)]  # out=1120
[(1,2),(3,4),(5,6),(7,8),(9,10),(11,12),(13,14),(15,16),(17,18),(19,20),(21,22),(23,24),(25,26),(27,28)],[(0,2),(3,5),(4,6),(7,9),(8,10),(11,13),(12,14),(15,17),(16,18),(19,21),(20,22),(23,25),(24,26),(27,29)],[(0,4),(1,5),(2,6),(7,11),(8,12),(9,13),(10,14),(15,19),(16,20),(17,21),(18,22),(23,27),(24,28),(25,29)],[(0,24),(1,25),(2,26),(3,27),(4,28),(5,29),(7,15),(8,16),(9,17),(10,18),(11,19),(12,20),(13,21),(14,22)],[(0,1),(2,27),(3,23),(4,25),(5,24),(6,26),(8,9),(10,19),(11,15),(12,17),(13,16),(14,18),(20,21),(28,29)],[(0,3),(1,23),(2,10),(4,5),(6,28),(8,11),(9,15),(12,13),(14,20),(16,17),(18,21),(19,27),(24,25),(26,29)],[(5,23),(6,24),(9,12),(10,19),(13,15),(14,16),(17,20)]  # out=1120
[(1,2),(3,4),(5,6),(7,8),(9,10),(11,12),(13,14),(15,16),(17,18),(19,20),(21,22),(23,24),(25,26),(27,28)],[(0,2),(3,5),(4,6),(7,9),(8,10),(11,13),(12,14),(15,17),(16,18),(19,21),(20,22),(23,25),(24,26),(27,29)],[(0,4),(1,5),(2,6),(7,11),(8,12),(9,13),(10,14),(15,19),(16,20),(17,21),(18,22),(23,27),(24,28),(25,29)],[(0,24),(1,25),(2,26),(3,27),(4,28),(5,29),(7,15),(8,16),(9,17),(10,18),(11,19),(12,20),(13,21),(14,22)],[(0,1),(2,27),(3,23),(4,25),(5,24),(6,26),(8,9),(10,19),(11,15),(12,17),(13,16),(14,18),(20,21),(28,29)],[(0,3),(1,23),(2,10),(4,5),(6,28),(8,11),(9,15),(12,13),(14,20),(16,17),(18,21),(19,27),(24,25),(26,29)],[(1,3),(4,23),(5,19),(6,25),(10,24),(13,15),(14,16),(26,28)]  # out=1120
[(1,2),(3,4),(5,6),(7,8),(9,10),(11,12),(13,14),(15,16),(17,18),(19,20),(21,22),(23,24),(25,26),(27,28)],[(0,2),(3,5),(4,6),(7,9),(8,10),(11,13),(12,14),(15,17),(16,18),(19,21),(20,22),(23,25),(24,26),(27,29)],[(0,4),(1,5),(2,6),(7,11),(8,12),(9,13),(10,14),(15,19),(16,20),(17,21),(18,22),(23,27),(24,28),(25,29)],[(0,24),(1,25),(2,26),(3,27),(4,28),(5,29),(7,15),(8,16),(9,17),(10,18),(11,19),(12,20),(13,21),(14,22)],[(0,1),(2,27),(3,23),(4,25),(5,24),(6,26),(8,9),(10,19),(11,15),(12,17),(13,16),(14,18),(20,21),(28,29)],[(0,3),(1,23),(2,10),(4,5),(6,28),(8,11),(9,15),(12,13),(14,20),(16,17),(18,21),(19,27),(24,25),(26,29)],[(2,4),(5,10),(6,12),(13,15),(14,16),(17,23),(19,24),(25,27)]  # out=1122
[(1,2),(3,4),(5,6),(7,8),(9,10),(11,12),(13,14),(15,16),(17,18),(19,20),(21,22),(23,24),(25,26),(27,28)],[(0,2),(3,5),(4,6),(7,9),(8,10),(11,13),(12,14),(15,17),(16,18),(19,21),(20,22),(23,25),(24,26),(27,29)],[(0,4),(1,5),(2,6),(7,11),(8,12),(9,13),(10,14),(15,19),(16,20),(17,21),(18,22),(23,27),(24,28),(25,29)],[(0,24),(1,25),(2,26),(3,27),(4,28),(5,29),(7,15),(8,16),(9,17),(10,18),(11,19),(12,20),(13,21),(14,22)],[(0,1),(2,27),(3,23),(4,25),(5,24),(6,26),(8,9),(10,19),(11,15),(12,17),(13,16),(14,18),(20,21),(28,29)],[(0,3),(1,23),(2,10),(4,5),(6,28),(8,11),(9,15),(12,13),(14,20),(16,17),(18,21),(19,27),(24,25),(26,29)],[(2,4),(5,23),(6,24),(10,19),(13,15),(14,16),(25,27)]  # out=1122
[(1,2),(3,4),(5,6),(7,8),(9,10),(11,12),(13,14),(15,16),(17,18),(19,20),(21,22),(23,24),(25,26),(27,28)],[(0,2),(3,5),(4,6),(7,9),(8,10),(11,13),(12,14),(15,17),(16,18),(19,21),(20,22),(23,25),(24,26),(27,29)],[(0,4),(1,5),(2,6),(7,11),(8,12),(9,13),(10,14),(15,19),(16,20),(17,21),(18,22),(23,27),(24,28),(25,29)],[(0,24),(1,25),(2,26),(3,27),(4,28),(5,29),(7,15),(8,16),(9,17),(10,18),(11,19),(12,20),(13,21),(14,22)],[(0,1),(2,27),(3,23),(4,25),(5,24),(6,26),(8,9),(10,19),(11,15),(12,17),(13,16),(14,18),(20,21),(28,29)],[(0,3),(1,23),(2,19),(4,5),(6,28),(8,11),(9,15),(10,27),(12,13),(14,20),(16,17),(18,21),(24,25),(26,29)],[(1,3),(2,4),(5,23),(6,24),(13,15),(14,16),(25,27),(26,28)]  # out=1122
[(1,2),(3,4),(5,6),(7,8),(9,10),(11,12),(13,14),(15,16),(17,18),(19,20),(21,22),(23,24),(25,26),(27,28)],[(0,2),(3,5),(4,6),(7,9),(8,10),(11,13),(12,14),(15,17),(16,18),(19,21),(20,22),(23,25),(24,26),(27,29)],[(0,4),(1,5),(2,6),(7,11),(8,12),(9,13),(10,14),(15,19),(16,20),(17,21),(18,22),(23,27),(24,28),(25,29)],[(0,24),(1,25),(2,26),(3,27),(4,28),(5,29),(7,15),(8,16),(9,17),(10,18),(11,19),(12,20),(13,21),(14,22)],[(0,1),(2,27),(3,23),(4,25),(5,24),(6,26),(8,9),(10,19),(11,15),(12,17),(13,16),(14,18),(20,21),(28,29)],[(0,3),(1,23),(2,10),(4,5),(6,28),(8,11),(9,15),(12,13),(14,20),(16,17),(18,21),(19,27),(24,25),(26,29)],[(4,23),(6,25),(9,11),(10,12),(13,15),(14,16),(17,19),(18,20)]  # out=1122
[(1,2),(3,4),(5,6),(7,8),(9,10),(11,12),(13,14),(15,16),(17,18),(19,20),(21,22),(23,24),(25,26),(27,28)],[(0,2),(3,5),(4,6),(7,9),(8,10),(11,13),(12,14),(15,17),(16,18),(19,21),(20,22),(23,25),(24,26),(27,29)],[(0,4),(1,5),(2,6),(7,11),(8,12),(9,13),(10,14),(15,19),(16,20),(17,21),(18,22),(23,27),(24,28),(25,29)],[(0,24),(1,25),(2,26),(3,27),(4,28),(5,29),(7,15),(8,16),(9,17),(10,18),(11,19),(12,20),(13,21),(14,22)],[(0,1),(2,27),(3,23),(4,25),(5,24),(6,26),(8,9),(10,19),(11,15),(12,17),(13,16),(14,18),(20,21),(28,29)],[(0,3),(1,23),(2,10),(4,5),(6,28),(8,11),(9,15),(12,13),(14,20),(16,17),(18,21),(19,27),(24,25),(26,29)],[(2,12),(4,14),(5,23),(6,24),(10,13),(15,25),(16,19),(17,27)]  # out=1124
[(1,2),(3,4),(5,6),(7,8),(9,10),(11,12),(13,14),(15,16),(17,18),(19,20),(21,22),(23,24),(25,26),(27,28)],[(0,2),(3,5),(4,6),(7,9),(8,10),(11,13),(12,14),(15,17),(16,18),(19,21),(20,22),(23,25),(24,26),(27,29)],[(0,4),(1,5),(2,6),(7,11),(8,12),(9,13),(10,14),(15,19),(16,20),(17,21),(18,22),(23,27),(24,28),(25,29)],[(0,24),(1,25),(2,26),(3,27),(4,28),(5,29),(7,15),(8,16),(9,17),(10,18),(11,19),(12,20),(13,21),(14,22)],[(0,1),(2,27),(3,23),(4,25),(5,24),(6,26),(8,9),(10,19),(11,15),(12,17),(13,16),(14,18),(20,21),(28,29)],[(0,3),(1,23),(2,10),(4,5),(6,28),(8,11),(9,15),(12,13),(14,20),(16,17),(18,21),(19,27),(24,25),(26,29)],[(2,12),(5,23),(6,24),(9,11),(10,16),(13,19),(17,27),(18,20)]  # out=1124
[(1,2),(3,4),(5,6),(7,8),(9,10),(11,12),(13,14),(15,16),(17,18),(19,20),(21,22),(23,24),(25,26),(27,28)],[(0,2),(3,5),(4,6),(7,9),(8,10),(11,13),(12,14),(15,17),(16,18),(19,21),(20,22),(23,25),(24,26),(27,29)],[(0,4),(1,5),(2,6),(7,11),(8,12),(9,13),(10,14),(15,19),(16,20),(17,21),(18,22),(23,27),(24,28),(25,29)],[(0,24),(1,25),(2,26),(3,27),(4,28),(5,29),(7,15),(8,16),(9,17),(10,18),(11,19),(12,20),(13,21),(14,22)],[(0,1),(2,27),(3,23),(4,25),(5,24),(6,26),(8,9),(10,19),(11,15),(12,17),(13,16),(14,18),(20,21),(28,29)],[(0,3),(1,23),(2,10),(4,5),(6,28),(8,11),(9,15),(12,13),(14,20),(16,17),(18,21),(19,27),(24,25),(26,29)],[(2,12),(5,23),(6,24),(10,19),(13,15),(14,16),(17,27)]  # out=1126
[(1,2),(3,4),(5,6),(7,8),(9,10),(11,12),(13,14),(15,16),(17,18),(19,20),(21,22),(23,24),(25,26),(27,28)],[(0,2),(3,5),(4,6),(7,9),(8,10),(11,13),(12,14),(15,17),(16,18),(19,21),(20,22),(23,25),(24,26),(27,29)],[(0,4),(1,5),(2,6),(7,11),(8,12),(9,13),(10,14),(15,19),(16,20),(17,21),(18,22),(23,27),(24,28),(25,29)],[(0,24),(1,25),(2,26),(3,27),(4,28),(5,29),(7,15),(8,16),(9,17),(10,18),(11,19),(12,20),(13,21),(14,22)],[(0,1),(2,27),(3,23),(4,25),(5,24),(6,26),(8,9),(10,19),(11,15),(12,17),(13,16),(14,18),(20,21),(28,29)],[(0,3),(1,23),(2,10),(4,5),(6,28),(8,11),(9,15),(12,13),(14,20),(16,17),(18,21),(19,27),(24,25),(26,29)],[(1,3),(4,23),(5,10),(6,25),(13,15),(14,16),(19,24),(26,28)]  # out=1126
[(1,2),(3,4),(5,6),(7,8),(9,10),(11,12),(13,14),(15,16),(17,18),(19,20),(21,22),(23,24),(25,26),(27,28)],[(0,2),(3,5),(4,6),(7,9),(8,10),(11,13),(12,14),(15,17),(16,18),(19,21),(20,22),(23,25),(24,26),(27,29)],[(0,4),(1,5),(2,6),(7,11),(8,12),(9,13),(10,14),(15,19),(16,20),(17,21),(18,22),(23,27),(24,28),(25,29)],[(0,24),(1,25),(2,26),(3,27),(4,28),(5,29),(7,15),(8,16),(9,17),(10,18),(11,19),(12,20),(13,21),(14,22)],[(0,1),(2,27),(3,23),(4,25),(5,24),(6,26),(8,9),(10,19),(11,15),(12,17),(13,16),(14,18),(20,21),(28,29)],[(0,3),(1,23),(2,19),(4,5),(6,28),(8,11),(9,15),(10,27),(12,13),(14,20),(16,17),(18,21),(24,25),(26,29)],[(2,4),(5,23),(6,24),(10,12),(13,15),(14,16),(17,19),(25,27)]  # out=1126
[(1,2),(3,4),(5,6),(7,8),(9,10),(11,12),(13,14),(15,16),(17,18),(19,20),(21,22),(23,24),(25,26),(27,28)],[(0,2),(3,5),(4,6),(7,9),(8,10),(11,13),(12,14),(15,17),(16,18),(19,21),(20,22),(23,25),(24,26),(27,29)],[(0,4),(1,5),(2,6),(7,11),(8,12),(9,13),(10,14),(15,19),(16,20),(17,21),(18,22),(23,27),(24,28),(25,29)],[(0,24),(1,25),(2,26),(3,27),(4,28),(5,29),(7,15),(8,16),(9,17),(10,18),(11,19),(12,20),(13,21),(14,22)],[(0,1),(2,27),(3,23),(4,25),(5,24),(6,26),(8,9),(10,19),(11,15),(12,17),(13,16),(14,18),(20,21),(28,29)],[(0,3),(1,23),(2,10),(4,5),(6,28),(8,11),(9,15),(12,13),(14,20),(16,17),(18,21),(19,27),(24,25),(26,29)],[(4,23),(5,19),(6,25),(9,11),(10,24),(13,15),(14,16),(18,20)]  # out=1128
[(1,2),(3,4),(5,6),(7,8),(9,10),(11,12),(13,14),(15,16),(17,18),(19,20),(21,22),(23,24),(25,26),(27,28)],[(0,2),(3,5),(4,6),(7,9),(8,10),(11,13),(12,14),(15,17),(16,18),(19,21),(20,22),(23,25),(24,26),(27,29)],[(0,4),(1,5),(2,6),(7,11),(8,12),(9,13),(10,14),(15,19),(16,20),(17,21),(18,22),(23,27),(24,28),(25,29)],[(0,24),(1,25),(2,26),(3,27),(4,28),(5,29),(7,15),(8,16),(9,17),(10,18),(11,19),(12,20),(13,21),(14,22)],[(0,1),(2,27),(3,23),(4,25),(5,24),(6,26),(8,9),(10,19),(11,15),(12,17),(13,16),(14,18),(20,21),(28,29)],[(0,3),(1,23),(2,10),(4,5),(6,28),(8,11),(9,15),(12,13),(14,20),(16,17),(18,21),(19,27),(24,25),(26,29)],[(4,23),(5,19),(6,25),(9,12),(10,24),(13,15),(14,16),(17,20)]  # out=1128
[(1,2),(3,4),(5,6),(7,8),(9,10),(11,12),(13,14),(15,16),(17,18),(19,20),(21,22),(23,24),(25,26),(27,28)],[(0,2),(3,5),(4,6),(7,9),(8,10),(11,13),(12,14),(15,17),(16,18),(19,21),(20,22),(23,25),(24,26),(27,29)],[(0,4),(1,5),(2,6),(7,11),(8,12),(9,13),(10,14),(15,19),(16,20),(17,21),(18,22),(23,27),(24,28),(25,29)],[(0,24),(1,25),(2,26),(3,27),(4,28),(5,29),(7,15),(8,16),(9,17),(10,18),(11,19),(12,20),(13,21),(14,22)],[(0,1),(2,27),(3,23),(4,25),(5,24),(6,26),(8,9),(10,19),(11,15),(12,17),(13,16),(14,18),(20,21),(28,29)],[(0,3),(1,23),(2,10),(4,5),(6,28),(8,11),(9,15),(12,13),(14,20),(16,17),(18,21),(19,27),(24,25),(26,29)],[(1,3),(5,23),(6,24),(10,16),(12,15),(13,19),(14,17),(26,28)]  # out=1128
[(1,2),(3,4),(5,6),(7,8),(9,10),(11,12),(13,14),(15,16),(17,18),(19,20),(21,22),(23,24),(25,26),(27,28)],[(0,2),(3,5),(4,6),(7,9),(8,10),(11,13),(12,14),(15,17),(16,18),(19,21),(20,22),(23,25),(24,26),(27,29)],[(0,4),(1,5),(2,6),(7,11),(8,12),(9,13),(10,14),(15,19),(16,20),(17,21),(18,22),(23,27),(24,28),(25,29)],[(0,24),(1,25),(2,26),(3,27),(4,28),(5,29),(7,15),(8,16),(9,17),(10,18),(11,19),(12,20),(13,21),(14,22)],[(0,1),(2,27),(3,23),(4,25),(5,24),(6,26),(8,9),(10,19),(11,15),(12,17),(13,16),(14,18),(20,21),(28,29)],[(0,3),(1,23),(2,10),(4,5),(6,28),(8,11),(9,15),(12,13),(14,20),(16,17),(18,21),(19,27),(24,25),(26,29)],[(1,4),(5,23),(6,24),(10,16),(12,15),(13,19),(14,17),(25,28)]  # out=1128
[(1,2),(3,4),(5,6),(7,8),(9,10),(11,12),(13,14),(15,16),(17,18),(19,20),(21,22),(23,24),(25,26),(27,28)],[(0,2),(3,5),(4,6),(7,9),(8,10),(11,13),(12,14),(15,17),(16,18),(19,21),(20,22),(23,25),(24,26),(27,29)],[(0,4),(1,5),(2,6),(7,11),(8,12),(9,13),(10,14),(15,19),(16,20),(17,21),(18,22),(23,27),(24,28),(25,29)],[(0,24),(1,25),(2,26),(3,27),(4,28),(5,29),(7,15),(8,16),(9,17),(10,18),(11,19),(12,20),(13,21),(14,22)],[(0,1),(2,27),(3,23),(4,25),(5,24),(6,26),(8,9),(10,19),(11,15),(12,17),(13,16),(14,18),(20,21),(28,29)],[(0,3),(1,23),(2,10),(4,5),(6,28),(8,11),(9,15),(12,13),(14,20),(16,17),(18,21),(19,27),(24,25),(26,29)],[(5,23),(6,24),(9,11),(10,16),(12,15),(13,19),(14,17),(18,20)]  # out=1128
[(1,2),(3,4),(5,6),(7,8),(9,10),(11,12),(13,14),(15,16),(17,18),(19,20),(21,22),(23,24),(25,26),(27,28)],[(0,2),(3,5),(4,6),(7,9),(8,10),(11,13),(12,14),(15,17),(16,18),(19,21),(20,22),(23,25),(24,26),(27,29)],[(0,4),(1,5),(2,6),(7,11),(8,12),(9,13),(10,14),(15,19),(16,20),(17,21),(18,22),(23,27),(24,28),(25,29)],[(0,24),(1,25),(2,26),(3,27),(4,28),(5,29),(7,15),(8,16),(9,17),(10,18),(11,19),(12,20),(13,21),(14,22)],[(0,1),(2,27),(3,23),(4,25),(5,24),(6,26),(8,9),(10,19),(11,15),(12,17),(13,16),(14,18),(20,21),(28,29)],[(0,3),(1,23),(2,10),(4,5),(6,28),(8,11),(9,15),(12,13),(14,20),(16,17),(18,21),(19,27),(24,25),(26,29)],[(1,3),(2,12),(5,23),(6,24),(10,16),(13,19),(17,27),(26,28)]  # out=1128
[(1,2),(3,4),(5,6),(7,8),(9,10),(11,12),(13,14),(15,16),(17,18),(19,20),(21,22),(23,24),(25,26),(27,28)],[(0,2),(3,5),(4,6),(7,9),(8,10),(11,13),(12,14),(15,17),(16,18),(19,21),(20,22),(23,25),(24,26),(27,29)],[(0,4),(1,5),(2,6),(7,11),(8,12),(9,13),(10,14),(15,19),(16,20),(17,21),(18,22),(23,27),(24,28),(25,29)],[(0,24),(1,25),(2,26),(3,27),(4,28),(5,29),(7,15),(8,16),(9,17),(10,18),(11,19),(12,20),(13,21),(14,22)],[(0,1),(2,27),(3,23),(4,25),(5,24),(6,26),(8,9),(10,19),(11,15),(12,17),(13,16),(14,18),(20,21),(28,29)],[(0,3),(1,23),(2,10),(4,5),(6,28),(8,11),(9,15),(12,13),(14,20),(16,17),(18,21),(19,27),(24,25),(26,29)],[(1,4),(2,12),(5,23),(6,24),(10,16),(13,19),(17,27),(25,28)]  # out=1128
[(1,2),(3,4),(5,6),(7,8),(9,10),(11,12),(13,14),(15,16),(17,18),(19,20),(21,22),(23,24),(25,26),(27,28)],[(0,2),(3,5),(4,6),(7,9),(8,10),(11,13),(12,14),(15,17),(16,18),(19,21),(20,22),(23,25),(24,26),(27,29)],[(0,4),(1,5),(2,6),(7,11),(8,12),(9,13),(10,14),(15,19),(16,20),(17,21),(18,22),(23,27),(24,28),(25,29)],[(0,24),(1,25),(2,26),(3,27),(4,28),(5,29),(7,15),(8,16),(9,17),(10,18),(11,19),(12,20),(13,21),(14,22)],[(0,1),(2,27),(3,23),(4,25),(5,24),(6,26),(8,9),(10,19),(11,15),(12,17),(13,16),(14,18),(20,21),(28,29)],[(0,3),(1,23),(2,10),(4,5),(6,28),(8,11),(9,15),(12,13),(14,20),(16,17),(18,21),(19,27),(24,25),(26,29)],[(2,4),(5,10),(6,17),(12,23),(13,15),(14,16),(19,24),(25,27)]  # out=1130
[(1,2),(3,4),(5,6),(7,8),(9,10),(11,12),(13,14),(15,16),(17,18),(19,20),(21,22),(23,24),(25,26),(27,28)],[(0,2),(3,5),(4,6),(7,9),(8,10),(11,13),(12,14),(15,17),(16,18),(19,21),(20,22),(23,25),(24,26),(27,29)],[(0,4),(1,5),(2,6),(7,11),(8,12),(9,13),(10,14),(15,19),(16,20),(17,21),(18,22),(23,27),(24,28),(25,29)],[(0,24),(1,25),(2,26),(3,27),(4,28),(5,29),(7,15),(8,16),(9,17),(10,18),(11,19),(12,20),(13,21),(14,22)],[(0,1),(2,27),(3,23),(4,25),(5,24),(6,26),(8,9),(10,19),(11,15),(12,17),(13,16),(14,18),(20,21),(28,29)],[(0,3),(1,23),(2,10),(4,5),(6,28),(8,11),(9,15),(12,13),(14,20),(16,17),(18,21),(19,27),(24,25),(26,29)],[(2,12),(4,23),(5,19),(6,25),(10,24),(13,15),(14,16),(17,27)]  # out=1130
[(1,2),(3,4),(5,6),(7,8),(9,10),(11,12),(13,14),(15,16),(17,18),(19,20),(21,22),(23,24),(25,26),(27,28)],[(0,2),(3,5),(4,6),(7,9),(8,10),(11,13),(12,14),(15,17),(16,18),(19,21),(20,22),(23,25),(24,26),(27,29)],[(0,4),(1,5),(2,6),(7,11),(8,12),(9,13),(10,14),(15,19),(16,20),(17,21),(18,22),(23,27),(24,28),(25,29)],[(0,24),(1,25),(2,26),(3,27),(4,28),(5,29),(7,15),(8,16),(9,17),(10,18),(11,19),(12,20),(13,21),(14,22)],[(0,1),(2,27),(3,23),(4,25),(5,24),(6,26),(8,9),(10,19),(11,15),(12,17),(13,16),(14,18),(20,21),(28,29)],[(0,3),(1,23),(2,10),(4,5),(6,28),(8,11),(9,15),(12,13),(14,20),(16,17),(18,21),(19,27),(24,25),(26,29)],[(2,4),(5,23),(6,24),(10,16),(12,15),(13,19),(14,17),(25,27)]  # out=1130
[(1,2),(3,4),(5,6),(7,8),(9,10),(11,12),(13,14),(15,16),(17,18),(19,20),(21,22),(23,24),(25,26),(27,28)],[(0,2),(3,5),(4,6),(7,9),(8,10),(11,13),(12,14),(15,17),(16,18),(19,21),(20,22),(23,25),(24,26),(27,29)],[(0,4),(1,5),(2,6),(7,11),(8,12),(9,13),(10,14),(15,19),(16,20),(17,21),(18,22),(23,27),(24,28),(25,29)],[(0,24),(1,25),(2,26),(3,27),(4,28),(5,29),(7,15),(8,16),(9,17),(10,18),(11,19),(12,20),(13,21),(14,22)],[(0,1),(2,27),(3,23),(4,25),(5,24),(6,26),(8,9),(10,19),(11,15),(12,17),(13,16),(14,18),(20,21),(28,29)],[(0,3),(1,23),(2,10),(4,5),(6,28),(8,11),(9,15),(12,13),(14,20),(16,17),(18,21),(19,27),(24,25),(26,29)],[(1,3),(4,19),(5,23),(6,24),(10,25),(13,15),(14,16),(26,28)]  # out=1130
[(1,2),(3,4),(5,6),(7,8),(9,10),(11,12),(13,14),(15,16),(17,18),(19,20),(21,22),(23,24),(25,26),(27,28)],[(0,2),(3,5),(4,6),(7,9),(8,10),(11,13),(12,14),(15,17),(16,18),(19,21),(20,22),(23,25),(24,26),(27,29)],[(0,4),(1,5),(2,6),(7,11),(8,12),(9,13),(10,14),(15,19),(16,20),(17,21),(18,22),(23,27),(24,28),(25,29)],[(0,24),(1,25),(2,26),(3,27),(4,28),(5,29),(7,15),(8,16),(9,17),(10,18),(11,19),(12,20),(13,21),(14,22)],[(0,1),(2,27),(3,23),(4,25),(5,24),(6,26),(8,9),(10,19),(11,15),(12,17),(13,16),(14,18),(20,21),(28,29)],[(0,3),(1,23),(2,10),(4,5),(6,28),(8,11),(9,15),(12,13),(14,20),(16,17),(18,21),(19,27),(24,25),(26,29)],[(1,3),(2,4),(5,10),(12,15),(14,17),(19,24),(25,27),(26,28)]  # out=1131
[(1,2),(3,4),(5,6),(7,8),(9,10),(11,12),(13,14),(15,16),(17,18),(19,20),(21,22),(23,24),(25,26),(27,28)],[(0,2),(3,5),(4,6),(7,9),(8,10),(11,13),(12,14),(15,17),(16,18),(19,21),(20,22),(23,25),(24,26),(27,29)],[(0,4),(1,5),(2,6),(7,11),(8,12),(9,13),(10,14),(15,19),(16,20),(17,21),(18,22),(23,27),(24,28),(25,29)],[(0,24),(1,25),(2,26),(3,27),(4,28),(5,29),(7,15),(8,16),(9,17),(10,18),(11,19),(12,20),(13,21),(14,22)],[(0,1),(2,27),(3,23),(4,25),(5,24),(6,26),(8,9),(10,19),(11,15),(12,17),(13,16),(14,18),(20,21),(28,29)],[(0,3),(1,23),(2,10),(4,5),(6,28),(8,11),(9,15),(12,13),(14,20),(16,17),(18,21),(19,27),(24,25),(26,29)],[(2,12),(4,15),(5,23),(6,24),(10,13),(14,25),(16,19),(17,27)]  # out=1132
[(1,2),(3,4),(5,6),(7,8),(9,10),(11,12),(13,14),(15,16),(17,18),(19,20),(21,22),(23,24),(25,26),(27,28)],[(0,2),(3,5),(4,6),(7,9),(8,10),(11,13),(12,14),(15,17),(16,18),(19,21),(20,22),(23,25),(24,26),(27,29)],[(0,4),(1,5),(2,6),(7,11),(8,12),(9,13),(10,14),(15,19),(16,20),(17,21),(18,22),(23,27),(24,28),(25,29)],[(0,24),(1,25),(2,26),(3,27),(4,28),(5,29),(7,15),(8,16),(9,17),(10,18),(11,19),(12,20),(13,21),(14,22)],[(0,1),(2,27),(3,23),(4,25),(5,24),(6,26),(8,9),(10,19),(11,15),(12,17),(13,16),(14,18),(20,21),(28,29)],[(0,3),(1,23),(2,10),(4,5),(6,28),(8,11),(9,15),(12,13),(14,20),(16,17),(18,21),(19,27),(24,25),(26,29)],[(2,4),(5,19),(9,11),(10,24),(13,15),(14,16),(18,20),(25,27)]  # out=1132
[(1,2),(3,4),(5,6),(7,8),(9,10),(11,12),(13,14),(15,16),(17,18),(19,20),(21,22),(23,24),(25,26),(27,28)],[(0,2),(3,5),(4,6),(7,9),(8,10),(11,13),(12,14),(15,17),(16,18),(19,21),(20,22),(23,25),(24,26),(27,29)],[(0,4),(1,5),(2,6),(7,11),(8,12),(9,13),(10,14),(15,19),(16,20),(17,21),(18,22),(23,27),(24,28),(25,29)],[(0,24),(1,25),(2,26),(3,27),(4,28),(5,29),(7,15),(8,16),(9,17),(10,18),(11,19),(12,20),(13,21),(14,22)],[(0,1),(2,27),(3,23),(4,25),(5,24),(6,26),(8,9),(10,19),(11,15),(12,17),(13,16),(14,18),(20,21),(28,29)],[(0,3),(1,23),(2,10),(4,5),(6,28),(8,11),(9,15),(12,13),(14,20),(16,17),(18,21),(19,27),(24,25),(26,29)],[(2,4),(5,19),(9,12),(10,24),(13,15),(14,16),(17,20),(25,27)]  # out=1132
[(1,2),(3,4),(5,6),(7,8),(9,10),(11,12),(13,14),(15,16),(17,18),(19,20),(21,22),(23,24),(25,26),(27,28)],[(0,2),(3,5),(4,6),(7,9),(8,10),(11,13),(12,14),(15,17),(16,18),(19,21),(20,22),(23,25),(24,26),(27,29)],[(0,4),(1,5),(2,6),(7,11),(8,12),(9,13),(10,14),(15,19),(16,20),(17,21),(18,22),(23,27),(24,28),(25,29)],[(0,24),(1,25),(2,26),(3,27),(4,28),(5,29),(7,15),(8,16),(9,17),(10,18),(11,19),(12,20),(13,21),(14,22)],[(0,1),(2,27),(3,23),(4,25),(5,24),(6,26),(8,9),(10,19),(11,15),(12,17),(13,16),(14,18),(20,21),(28,29)],[(0,3),(1,23),(2,19),(4,5),(6,28),(8,11),(9,15),(10,27),(12,13),(14,20),(16,17),(18,21),(24,25),(26,29)],[(5,23),(6,24),(9,11),(10,12),(13,15),(14,16),(17,19),(18,20)]  # out=1132
[(1,2),(3,4),(5,6),(7,8),(9,10),(11,12),(13,14),(15,16),(17,18),(19,20),(21,22),(23,24),(25,26),(27,28)],[(0,2),(3,5),(4,6),(7,9),(8,10),(11,13),(12,14),(15,17),(16,18),(19,21),(20,22),(23,25),(24,26),(27,29)],[(0,4),(1,5),(2,6),(7,11),(8,12),(9,13),(10,14),(15,19),(16,20),(17,21),(18,22),(23,27),(24,28),(25,29)],[(0,24),(1,25),(2,26),(3,27),(4,28),(5,29),(7,15),(8,16),(9,17),(10,18),(11,19),(12,20),(13,21),(14,22)],[(0,1),(2,27),(3,23),(4,25),(5,24),(6,26),(8,9),(10,19),(11,15),(12,17),(13,16),(14,18),(20,21),(28,29)],[(0,3),(1,23),(2,19),(4,5),(6,28),(8,11),(9,15),(10,27),(12,13),(14,20),(16,17),(18,21),(24,25),(26,29)],[(2,5),(4,23),(6,25),(10,12),(13,15),(14,16),(17,19),(24,27)]  # out=1132
[(1,2),(3,4),(5,6),(7,8),(9,10),(11,12),(13,14),(15,16),(17,18),(19,20),(21,22),(23,24),(25,26),(27,28)],[(0,2),(3,5),(4,6),(7,9),(8,10),(11,13),(12,14),(15,17),(16,18),(19,21),(20,22),(23,25),(24,26),(27,29)],[(0,4),(1,5),(2,6),(7,11),(8,12),(9,13),(10,14),(15,19),(16,20),(17,21),(18,22),(23,27),(24,28),(25,29)],[(0,24),(1,25),(2,26),(3,27),(4,28),(5,29),(7,15),(8,16),(9,17),(10,18),(11,19),(12,20),(13,21),(14,22)],[(0,1),(2,27),(3,23),(4,25),(5,24),(6,26),(8,9),(10,19),(11,15),(12,17),(13,16),(14,18),(20,21),(28,29)],[(0,3),(1,23),(2,19),(4,5),(6,28),(8,11),(9,15),(10,27),(12,13),(14,20),(16,17),(18,21),(24,25),(26,29)],[(2,24),(4,23),(5,27),(6,25),(10,12),(13,15),(14,16),(17,19)]  # out=1132
[(1,2),(3,4),(5,6),(7,8),(9,10),(11,12),(13,14),(15,16),(17,18),(19,20),(21,22),(23,24),(25,26),(27,28)],[(0,2),(3,5),(4,6),(7,9),(8,10),(11,13),(12,14),(15,17),(16,18),(19,21),(20,22),(23,25),(24,26),(27,29)],[(0,4),(1,5),(2,6),(7,11),(8,12),(9,13),(10,14),(15,19),(16,20),(17,21),(18,22),(23,27),(24,28),(25,29)],[(0,24),(1,25),(2,26),(3,27),(4,28),(5,29),(7,15),(8,16),(9,17),(10,18),(11,19),(12,20),(13,21),(14,22)],[(0,1),(2,27),(3,23),(4,25),(5,24),(6,26),(8,9),(10,19),(11,15),(12,17),(13,16),(14,18),(20,21),(28,29)],[(0,3),(1,23),(2,19),(4,5),(6,28),(8,11),(9,15),(10,27),(12,13),(14,20),(16,17),(18,21),(24,25),(26,29)],[(2,4),(5,23),(6,24),(10,13),(12,15),(14,17),(16,19),(25,27)]  # out=1132
[(1,2),(3,4),(5,6),(7,8),(9,10),(11,12),(13,14),(15,16),(17,18),(19,20),(21,22),(23,24),(25,26),(27,28)],[(0,2),(3,5),(4,6),(7,9),(8,10),(11,13),(12,14),(15,17),(16,18),(19,21),(20,22),(23,25),(24,26),(27,29)],[(0,4),(1,5),(2,6),(7,11),(8,12),(9,13),(10,14),(15,19),(16,20),(17,21),(18,22),(23,27),(24,28),(25,29)],[(0,24),(1,25),(2,26),(3,27),(4,28),(5,29),(7,15),(8,16),(9,17),(10,18),(11,19),(12,20),(13,21),(14,22)],[(0,1),(2,27),(3,23),(4,25),(5,24),(6,26),(8,9),(10,19),(11,15),(12,17),(13,16),(14,18),(20,21),(28,29)],[(0,3),(1,23),(2,19),(4,5),(6,28),(8,11),(9,15),(10,27),(12,13),(14,20),(16,17),(18,21),(24,25),(26,29)],[(2,4),(5,23),(6,24),(10,16),(12,15),(13,19),(14,17),(25,27)]  # out=1132
[(1,2),(3,4),(5,6),(7,8),(9,10),(11,12),(13,14),(15,16),(17,18),(19,20),(21,22),(23,24),(25,26),(27,28)],[(0,2),(3,5),(4,6),(7,9),(8,10),(11,13),(12,14),(15,17),(16,18),(19,21),(20,22),(23,25),(24,26),(27,29)],[(0,4),(1,5),(2,6),(7,11),(8,12),(9,13),(10,14),(15,19),(16,20),(17,21),(18,22),(23,27),(24,28),(25,29)],[(0,24),(1,25),(2,26),(3,27),(4,28),(5,29),(7,15),(8,16),(9,17),(10,18),(11,19),(12,20),(13,21),(14,22)],[(0,1),(2,27),(3,23),(4,25),(5,24),(6,26),(8,9),(10,19),(11,15),(12,17),(13,16),(14,18),(20,21),(28,29)],[(0,3),(1,23),(2,10),(4,5),(6,28),(8,11),(9,15),(12,13),(14,20),(16,17),(18,21),(19,27),(24,25),(26,29)],[(1,2),(4,23),(5,19),(6,25),(10,24),(13,15),(14,16),(27,28)]  # out=1134
[(1,2),(3,4),(5,6),(7,8),(9,10),(11,12),(13,14),(15,16),(17,18),(19,20),(21,22),(23,24),(25,26),(27,28)],[(0,2),(3,5),(4,6),(7,9),(8,10),(11,13),(12,14),(15,17),(16,18),(19,21),(20,22),(23,25),(24,26),(27,29)],[(0,4),(1,5),(2,6),(7,11),(8,12),(9,13),(10,14),(15,19),(16,20),(17,21),(18,22),(23,27),(24,28),(25,29)],[(0,24),(1,25),(2,26),(3,27),(4,28),(5,29),(7,15),(8,16),(9,17),(10,18),(11,19),(12,20),(13,21),(14,22)],[(0,1),(2,27),(3,23),(4,25),(5,24),(6,26),(8,9),(10,19),(11,15),(12,17),(13,16),(14,18),(20,21),(28,29)],[(0,3),(1,23),(2,10),(4,5),(6,28),(8,11),(9,15),(12,13),(14,20),(16,17),(18,21),(19,27),(24,25),(26,29)],[(4,23),(5,10),(6,25),(9,11),(13,15),(14,16),(18,20),(19,24)]  # out=1134
[(1,2),(3,4),(5,6),(7,8),(9,10),(11,12),(13,14),(15,16),(17,18),(19,20),(21,22),(23,24),(25,26),(27,28)],[(0,2),(3,5),(4,6),(7,9),(8,10),(11,13),(12,14),(15,17),(16,18),(19,21),(20,22),(23,25),(24,26),(27,29)],[(0,4),(1,5),(2,6),(7,11),(8,12),(9,13),(10,14),(15,19),(16,20),(17,21),(18,22),(23,27),(24,28),(25,29)],[(0,24),(1,25),(2,26),(3,27),(4,28),(5,29),(7,15),(8,16),(9,17),(10,18),(11,19),(12,20),(13,21),(14,22)],[(0,1),(2,27),(3,23),(4,25),(5,24),(6,26),(8,9),(10,19),(11,15),(12,17),(13,16),(14,18),(20,21),(28,29)],[(0,3),(1,23),(2,10),(4,5),(6,28),(8,11),(9,15),(12,13),(14,20),(16,17),(18,21),(19,27),(24,25),(26,29)],[(4,23),(5,10),(6,25),(9,12),(13,15),(14,16),(17,20),(19,24)]  # out=1134
[(1,2),(3,4),(5,6),(7,8),(9,10),(11,12),(13,14),(15,16),(17,18),(19,20),(21,22),(23,24),(25,26),(27,28)],[(0,2),(3,5),(4,6),(7,9),(8,10),(11,13),(12,14),(15,17),(16,18),(19,21),(20,22),(23,25),(24,26),(27,29)],[(0,4),(1,5),(2,6),(7,11),(8,12),(9,13),(10,14),(15,19),(16,20),(17,21),(18,22),(23,27),(24,28),(25,29)],[(0,24),(1,25),(2,26),(3,27),(4,28),(5,29),(7,15),(8,16),(9,17),(10,18),(11,19),(12,20),(13,21),(14,22)],[(0,1),(2,27),(3,23),(4,25),(5,24),(6,26),(8,9),(10,19),(11,15),(12,17),(13,16),(14,18),(20,21),(28,29)],[(0,3),(1,23),(2,10),(4,5),(6,28),(8,11),(9,15),(12,13),(14,20),(16,17),(18,21),(19,27),(24,25),(26,29)],[(1,3),(5,23),(6,24),(10,13),(12,15),(14,17),(16,19),(26,28)]  # out=1134
[(1,2),(3,4),(5,6),(7,8),(9,10),(11,12),(13,14),(15,16),(17,18),(19,20),(21,22),(23,24),(25,26),(27,28)],[(0,2),(3,5),(4,6),(7,9),(8,10),(11,13),(12,14),(15,17),(16,18),(19,21),(20,22),(23,25),(24,26),(27,29)],[(0,4),(1,5),(2,6),(7,11),(8,12),(9,13),(10,14),(15,19),(16,20),(17,21),(18,22),(23,27),(24,28),(25,29)],[(0,24),(1,25),(2,26),(3,27),(4,28),(5,29),(7,15),(8,16),(9,17),(10,18),(11,19),(12,20),(13,21),(14,22)],[(0,1),(2,27),(3,23),(4,25),(5,24),(6,26),(8,9),(10,19),(11,15),(12,17),(13,16),(14,18),(20,21),(28,29)],[(0,3),(1,23),(2,10),(4,5),(6,28),(8,11),(9,15),(12,13),(14,20),(16,17),(18,21),(19,27),(24,25),(26,29)],[(1,4),(5,23),(6,24),(10,13),(12,15),(14,17),(16,19),(25,28)]  # out=1134
[(1,2),(3,4),(5,6),(7,8),(9,10),(11,12),(13,14),(15,16),(17,18),(19,20),(21,22),(23,24),(25,26),(27,28)],[(0,2),(3,5),(4,6),(7,9),(8,10),(11,13),(12,14),(15,17),(16,18),(19,21),(20,22),(23,25),(24,26),(27,29)],[(0,4),(1,5),(2,6),(7,11),(8,12),(9,13),(10,14),(15,19),(16,20),(17,21),(18,22),(23,27),(24,28),(25,29)],[(0,24),(1,25),(2,26),(3,27),(4,28),(5,29),(7,15),(8,16),(9,17),(10,18),(11,19),(12,20),(13,21),(14,22)],[(0,1),(2,27),(3,23),(4,25),(5,24),(6,26),(8,9),(10,19),(11,15),(12,17),(13,16),(14,18),(20,21),(28,29)],[(0,3),(1,23),(2,10),(4,5),(6,28),(8,11),(9,15),(12,13),(14,20),(16,17),(18,21),(19,27),(24,25),(26,29)],[(5,23),(6,24),(9,11),(10,13),(12,15),(14,17),(16,19),(18,20)]  # out=1134
[(1,2),(3,4),(5,6),(7,8),(9,10),(11,12),(13,14),(15,16),(17,18),(19,20),(21,22),(23,24),(25,26),(27,28)],[(0,2),(3,5),(4,6),(7,9),(8,10),(11,13),(12,14),(15,17),(16,18),(19,21),(20,22),(23,25),(24,26),(27,29)],[(0,4),(1,5),(2,6),(7,11),(8,12),(9,13),(10,14),(15,19),(16,20),(17,21),(18,22),(23,27),(24,28),(25,29)],[(0,24),(1,25),(2,26),(3,27),(4,28),(5,29),(7,15),(8,16),(9,17),(10,18),(11,19),(12,20),(13,21),(14,22)],[(0,1),(2,27),(3,23),(4,25),(5,24),(6,26),(8,9),(10,19),(11,15),(12,17),(13,16),(14,18),(20,21),(28,29)],[(0,3),(1,23),(2,10),(4,5),(6,28),(8,11),(9,15),(12,13),(14,20),(16,17),(18,21),(19,27),(24,25),(26,29)],[(1,3),(5,23),(6,24),(10,17),(12,19),(13,15),(14,16),(26,28)]  # out=1134
[(1,2),(3,4),(5,6),(7,8),(9,10),(11,12),(13,14),(15,16),(17,18),(19,20),(21,22),(23,24),(25,26),(27,28)],[(0,2),(3,5),(4,6),(7,9),(8,10),(11,13),(12,14),(15,17),(16,18),(19,21),(20,22),(23,25),(24,26),(27,29)],[(0,4),(1,5),(2,6),(7,11),(8,12),(9,13),(10,14),(15,19),(16,20),(17,21),(18,22),(23,27),(24,28),(25,29)],[(0,24),(1,25),(2,26),(3,27),(4,28),(5,29),(7,15),(8,16),(9,17),(10,18),(11,19),(12,20),(13,21),(14,22)],[(0,1),(2,27),(3,23),(4,25),(5,24),(6,26),(8,9),(10,19),(11,15),(12,17),(13,16),(14,18),(20,21),(28,29)],[(0,3),(1,23),(2,10),(4,5),(6,28),(8,11),(9,15),(12,13),(14,20),(16,17),(18,21),(19,27),(24,25),(26,29)],[(1,4),(5,23),(6,24),(10,17),(12,19),(13,15),(14,16),(25,28)]  # out=1134
[(1,2),(3,4),(5,6),(7,8),(9,10),(11,12),(13,14),(15,16),(17,18),(19,20),(21,22),(23,24),(25,26),(27,28)],[(0,2),(3,5),(4,6),(7,9),(8,10),(11,13),(12,14),(15,17),(16,18),(19,21),(20,22),(23,25),(24,26),(27,29)],[(0,4),(1,5),(2,6),(7,11),(8,12),(9,13),(10,14),(15,19),(16,20),(17,21),(18,22),(23,27),(24,28),(25,29)],[(0,24),(1,25),(2,26),(3,27),(4,28),(5,29),(7,15),(8,16),(9,17),(10,18),(11,19),(12,20),(13,21),(14,22)],[(0,1),(2,27),(3,23),(4,25),(5,24),(6,26),(8,9),(10,19),(11,15),(12,17),(13,16),(14,18),(20,21),(28,29)],[(0,3),(1,23),(2,10),(4,5),(6,28),(8,11),(9,15),(12,13),(14,20),(16,17),(18,21),(19,27),(24,25),(26,29)],[(2,12),(4,23),(5,10),(6,25),(13,15),(14,16),(17,27),(19,24)]  # out=1136
[(1,2),(3,4),(5,6),(7,8),(9,10),(11,12),(13,14),(15,16),(17,18),(19,20),(21,22),(23,24),(25,26),(27,28)],[(0,2),(3,5),(4,6),(7,9),(8,10),(11,13),(12,14),(15,17),(16,18),(19,21),(20,22),(23,25),(24,26),(27,29)],[(0,4),(1,5),(2,6),(7,11),(8,12),(9,13),(10,14),(15,19),(16,20),(17,21),(18,22),(23,27),(24,28),(25,29)],[(0,24),(1,25),(2,26),(3,27),(4,28),(5,29),(7,15),(8,16),(9,17),(10,18),(11,19),(12,20),(13,21),(14,22)],[(0,1),(2,27),(3,23),(4,25),(5,24),(6,26),(8,9),(10,19),(11,15),(12,17),(13,16),(14,18),(20,21),(28,29)],[(0,3),(1,23),(2,10),(4,5),(6,28),(8,11),(9,15),(12,13),(14,20),(16,17),(18,21),(19,27),(24,25),(26,29)],[(4,19),(5,23),(6,24),(9,11),(10,25),(13,15),(14,16),(18,20)]  # out=1136
[(1,2),(3,4),(5,6),(7,8),(9,10),(11,12),(13,14),(15,16),(17,18),(19,20),(21,22),(23,24),(25,26),(27,28)],[(0,2),(3,5),(4,6),(7,9),(8,10),(11,13),(12,14),(15,17),(16,18),(19,21),(20,22),(23,25),(24,26),(27,29)],[(0,4),(1,5),(2,6),(7,11),(8,12),(9,13),(10,14),(15,19),(16,20),(17,21),(18,22),(23,27),(24,28),(25,29)],[(0,24),(1,25),(2,26),(3,27),(4,28),(5,29),(7,15),(8,16),(9,17),(10,18),(11,19),(12,20),(13,21),(14,22)],[(0,1),(2,27),(3,23),(4,25),(5,24),(6,26),(8,9),(10,19),(11,15),(12,17),(13,16),(14,18),(20,21),(28,29)],[(0,3),(1,23),(2,10),(4,5),(6,28),(8,11),(9,15),(12,13),(14,20),(16,17),(18,21),(19,27),(24,25),(26,29)],[(4,19),(5,23),(6,24),(9,12),(10,25),(13,15),(14,16),(17,20)]  # out=1136
[(1,2),(3,4),(5,6),(7,8),(9,10),(11,12),(13,14),(15,16),(17,18),(19,20),(21,22),(23,24),(25,26),(27,28)],[(0,2),(3,5),(4,6),(7,9),(8,10),(11,13),(12,14),(15,17),(16,18),(19,21),(20,22),(23,25),(24,26),(27,29)],[(0,4),(1,5),(2,6),(7,11),(8,12),(9,13),(10,14),(15,19),(16,20),(17,21),(18,22),(23,27),(24,28),(25,29)],[(0,24),(1,25),(2,26),(3,27),(4,28),(5,29),(7,15),(8,16),(9,17),(10,18),(11,19),(12,20),(13,21),(14,22)],[(0,1),(2,27),(3,23),(4,25),(5,24),(6,26),(8,9),(10,19),(11,15),(12,17),(13,16),(14,18),(20,21),(28,29)],[(0,3),(1,23),(2,10),(4,5),(6,28),(8,11),(9,15),(12,13),(14,20),(16,17),(18,21),(19,27),(24,25),(26,29)],[(2,4),(5,23),(6,24),(10,13),(12,15),(14,17),(16,19),(25,27)]  # out=1136
[(1,2),(3,4),(5,6),(7,8),(9,10),(11,12),(13,14),(15,16),(17,18),(19,20),(21,22),(23,24),(25,26),(27,28)],[(0,2),(3,5),(4,6),(7,9),(8,10),(11,13),(12,14),(15,17),(16,18),(19,21),(20,22),(23,25),(24,26),(27,29)],[(0,4),(1,5),(2,6),(7,11),(8,12),(9,13),(10,14),(15,19),(16,20),(17,21),(18,22),(23,27),(24,28),(25,29)],[(0,24),(1,25),(2,26),(3,27),(4,28),(5,29),(7,15),(8,16),(9,17),(10,18),(11,19),(12,20),(13,21),(14,22)],[(0,1),(2,27),(3,23),(4,25),(5,24),(6,26),(8,9),(10,19),(11,15),(12,17),(13,16),(14,18),(20,21),(28,29)],[(0,3),(1,23),(2,10),(4,5),(6,28),(8,11),(9,15),(12,13),(14,20),(16,17),(18,21),(19,27),(24,25),(26,29)],[(5,23),(6,24),(9,11),(10,17),(12,19),(13,15),(14,16),(18,20)]  # out=1136
[(1,2),(3,4),(5,6),(7,8),(9,10),(11,12),(13,14),(15,16),(17,18),(19,20),(21,22),(23,24),(25,26),(27,28)],[(0,2),(3,5),(4,6),(7,9),(8,10),(11,13),(12,14),(15,17),(16,18),(19,21),(20,22),(23,25),(24,26),(27,29)],[(0,4),(1,5),(2,6),(7,11),(8,12),(9,13),(10,14),(15,19),(16,20),(17,21),(18,22),(23,27),(24,28),(25,29)],[(0,24),(1,25),(2,26),(3,27),(4,28),(5,29),(7,15),(8,16),(9,17),(10,18),(11,19),(12,20),(13,21),(14,22)],[(0,1),(2,27),(3,23),(4,25),(5,24),(6,26),(8,9),(10,19),(11,15),(12,17),(13,16),(14,18),(20,21),(28,29)],[(0,3),(1,23),(2,10),(4,5),(6,28),(8,11),(9,15),(12,13),(14,20),(16,17),(18,21),(19,27),(24,25),(26,29)],[(2,9),(5,23),(6,24),(10,16),(12,15),(13,19),(14,17),(20,27)]  # out=1138
[(1,2),(3,4),(5,6),(7,8),(9,10),(11,12),(13,14),(15,16),(17,18),(19,20),(21,22),(23,24),(25,26),(27,28)],[(0,2),(3,5),(4,6),(7,9),(8,10),(11,13),(12,14),(15,17),(16,18),(19,21),(20,22),(23,25),(24,26),(27,29)],[(0,4),(1,5),(2,6),(7,11),(8,12),(9,13),(10,14),(15,19),(16,20),(17,21),(18,22),(23,27),(24,28),(25,29)],[(0,24),(1,25),(2,26),(3,27),(4,28),(5,29),(7,15),(8,16),(9,17),(10,18),(11,19),(12,20),(13,21),(14,22)],[(0,1),(2,27),(3,23),(4,25),(5,24),(6,26),(8,9),(10,19),(11,15),(12,17),(13,16),(14,18),(20,21),(28,29)],[(0,3),(1,23),(2,10),(4,5),(6,28),(8,11),(9,15),(12,13),(14,20),(16,17),(18,21),(19,27),(24,25),(26,29)],[(2,4),(5,23),(6,24),(10,17),(12,19),(13,15),(14,16),(25,27)]  # out=1138
[(1,2),(3,4),(5,6),(7,8),(9,10),(11,12),(13,14),(15,16),(17,18),(19,20),(21,22),(23,24),(25,26),(27,28)],[(0,2),(3,5),(4,6),(7,9),(8,10),(11,13),(12,14),(15,17),(16,18),(19,21),(20,22),(23,25),(24,26),(27,29)],[(0,4),(1,5),(2,6),(7,11),(8,12),(9,13),(10,14),(15,19),(16,20),(17,21),(18,22),(23,27),(24,28),(25,29)],[(0,24),(1,25),(2,26),(3,27),(4,28),(5,29),(7,15),(8,16),(9,17),(10,18),(11,19),(12,20),(13,21),(14,22)],[(0,1),(2,27),(3,23),(4,25),(5,24),(6,26),(8,9),(10,19),(11,15),(12,17),(13,16),(14,18),(20,21),(28,29)],[(0,3),(1,23),(2,10),(4,5),(6,28),(8,11),(9,15),(12,13),(14,20),(16,17),(18,21),(19,27),(24,25),(26,29)],[(1,3),(2,4),(5,10),(6,14),(15,23),(19,24),(25,27),(26,28)]  # out=1138
[(1,2),(3,4),(5,6),(7,8),(9,10),(11,12),(13,14),(15,16),(17,18),(19,20),(21,22),(23,24),(25,26),(27,28)],[(0,2),(3,5),(4,6),(7,9),(8,10),(11,13),(12,14),(15,17),(16,18),(19,21),(20,22),(23,25),(24,26),(27,29)],[(0,4),(1,5),(2,6),(7,11),(8,12),(9,13),(10,14),(15,19),(16,20),(17,21),(18,22),(23,27),(24,28),(25,29)],[(0,24),(1,25),(2,26),(3,27),(4,28),(5,29),(7,15),(8,16),(9,17),(10,18),(11,19),(12,20),(13,21),(14,22)],[(0,1),(2,27),(3,23),(4,25),(5,24),(6,26),(8,9),(10,19),(11,15),(12,17),(13,16),(14,18),(20,21),(28,29)],[(0,3),(1,23),(2,10),(4,5),(6,28),(8,11),(9,15),(12,13),(14,20),(16,17),(18,21),(19,27),(24,25),(26,29)],[(2,3),(4,19),(5,23),(6,24),(10,25),(13,15),(14,16),(26,27)]  # out=1140
[(1,2),(3,4),(5,6),(7,8),(9,10),(11,12),(13,14),(15,16),(17,18),(19,20),(21,22),(23,24),(25,26),(27,28)],[(0,2),(3,5),(4,6),(7,9),(8,10),(11,13),(12,14),(15,17),(16,18),(19,21),(20,22),(23,25),(24,26),(27,29)],[(0,4),(1,5),(2,6),(7,11),(8,12),(9,13),(10,14),(15,19),(16,20),(17,21),(18,22),(23,27),(24,28),(25,29)],[(0,24),(1,25),(2,26),(3,27),(4,28),(5,29),(7,15),(8,16),(9,17),(10,18),(11,19),(12,20),(13,21),(14,22)],[(0,1),(2,27),(3,23),(4,25),(5,24),(6,26),(8,9),(10,19),(11,15),(12,17),(13,16),(14,18),(20,21),(28,29)],[(0,3),(1,23),(2,10),(4,5),(6,28),(8,11),(9,15),(12,13),(14,20),(16,17),(18,21),(19,27),(24,25),(26,29)],[(2,12),(4,19),(5,23),(6,24),(10,25),(13,15),(14,16),(17,27)]  # out=1140
[(1,2),(3,4),(5,6),(7,8),(9,10),(11,12),(13,14),(15,16),(17,18),(19,20),(21,22),(23,24),(25,26),(27,28)],[(0,2),(3,5),(4,6),(7,9),(8,10),(11,13),(12,14),(15,17),(16,18),(19,21),(20,22),(23,25),(24,26),(27,29)],[(0,4),(1,5),(2,6),(7,11),(8,12),(9,13),(10,14),(15,19),(16,20),(17,21),(18,22),(23,27),(24,28),(25,29)],[(0,24),(1,25),(2,26),(3,27),(4,28),(5,29),(7,15),(8,16),(9,17),(10,18),(11,19),(12,20),(13,21),(14,22)],[(0,1),(2,27),(3,23),(4,25),(5,24),(6,26),(8,9),(10,19),(11,15),(12,17),(13,16),(14,18),(20,21),(28,29)],[(0,3),(1,23),(2,10),(4,5),(6,28),(8,11),(9,15),(12,13),(14,20),(16,17),(18,21),(19,27),(24,25),(26,29)],[(4,10),(5,23),(6,24),(9,11),(13,15),(14,16),(18,20),(19,25)]  # out=1140
[(1,2),(3,4),(5,6),(7,8),(9,10),(11,12),(13,14),(15,16),(17,18),(19,20),(21,22),(23,24),(25,26),(27,28)],[(0,2),(3,5),(4,6),(7,9),(8,10),(11,13),(12,14),(15,17),(16,18),(19,21),(20,22),(23,25),(24,26),(27,29)],[(0,4),(1,5),(2,6),(7,11),(8,12),(9,13),(10,14),(15,19),(16,20),(17,21),(18,22),(23,27),(24,28),(25,29)],[(0,24),(1,25),(2,26),(3,27),(4,28),(5,29),(7,15),(8,16),(9,17),(10,18),(11,19),(12,20),(13,21),(14,22)],[(0,1),(2,27),(3,23),(4,25),(5,24),(6,26),(8,9),(10,19),(11,15),(12,17),(13,16),(14,18),(20,21),(28,29)],[(0,3),(1,23),(2,10),(4,5),(6,28),(8,11),(9,15),(12,13),(14,20),(16,17),(18,21),(19,27),(24,25),(26,29)],[(4,10),(5,23),(6,24),(9,12),(13,15),(14,16),(17,20),(19,25)]  # out=1140
[(1,2),(3,4),(5,6),(7,8),(9,10),(11,12),(13,14),(15,16),(17,18),(19,20),(21,22),(23,24),(25,26),(27,28)],[(0,2),(3,5),(4,6),(7,9),(8,10),(11,13),(12,14),(15,17),(16,18),(19,21),(20,22),(23,25),(24,26),(27,29)],[(0,4),(1,5),(2,6),(7,11),(8,12),(9,13),(10,14),(15,19),(16,20),(17,21),(18,22),(23,27),(24,28),(25,29)],[(0,24),(1,25),(2,26),(3,27),(4,28),(5,29),(7,15),(8,16),(9,17),(10,18),(11,19),(12,20),(13,21),(14,22)],[(0,1),(2,27),(3,23),(4,25),(5,24),(6,26),(8,9),(10,19),(11,15),(12,17),(13,16),(14,18),(20,21),(28,29)],[(0,3),(1,23),(2,10),(4,5),(6,28),(8,11),(9,15),(12,13),(14,20),(16,17),(18,21),(19,27),(24,25),(26,29)],[(1,3),(5,23),(6,24),(10,12),(13,15),(14,16),(17,19),(26,28)]  # out=1140
[(1,2),(3,4),(5,6),(7,8),(9,10),(11,12),(13,14),(15,16),(17,18),(19,20),(21,22),(23,24),(25,26),(27,28)],[(0,2),(3,5),(4,6),(7,9),(8,10),(11,13),(12,14),(15,17),(16,18),(19,21),(20,22),(23,25),(24,26),(27,29)],[(0,4),(1,5),(2,6),(7,11),(8,12),(9,13),(10,14),(15,19),(16,20),(17,21),(18,22),(23,27),(24,28),(25,29)],[(0,24),(1,25),(2,26),(3,27),(4,28),(5,29),(7,15),(8,16),(9,17),(10,18),(11,19),(12,20),(13,21),(14,22)],[(0,1),(2,27),(3,23),(4,25),(5,24),(6,26),(8,9),(10,19),(11,15),(12,17),(13,16),(14,18),(20,21),(28,29)],[(0,3),(1,23),(2,10),(4,5),(6,28),(8,11),(9,15),(12,13),(14,20),(16,17),(18,21),(19,27),(24,25),(26,29)],[(1,4),(5,23),(6,24),(10,12),(13,15),(14,16),(17,19),(25,28)]  # out=1140
