# n=30
# stacked mode=nested
[(0,29),(1,28),(2,27),(3,26),(4,25),(5,24),(6,23),(7,22),(8,9),(10,11),(12,17),(13,16),(14,15),(18,19),(20,21)],[(0,1),(2,3),(4,5),(6,7),(8,12),(9,20),(10,18),(11,19),(13,14),(15,16),(17,21),(22,23),(24,25),(26,27),(28,29)],[(0,2),(1,3),(4,6),(5,7),(8,9),(10,13),(11,18),(12,17),(14,15),(16,19),(20,21),(22,24),(23,25),(26,28),(27,29)],[(0,4),(1,5),(2,6),(3,7),(8,13),(9,11),(12,14),(15,17),(16,21),(18,20),(22,26),(23,27),(24,28),(25,29)],[(1,2),(3,26),(4,22),(5,24),(6,23),(7,25),(8,10),(9,12),(11,14),(13,16),(15,18),(17,20),(19,21),(27,28)]  # out=5478
[(0,1),(2,3),(4,5),(6,7),(8,9),(10,11),(12,17),(13,16),(14,15),(18,19),(20,21),(22,23),(24,25),(26,27),(28,29)],[(0,2),(1,3),(4,6),(5,7),(8,12),(9,20),(10,18),(11,19),(13,14),(15,16),(17,21),(22,24),(23,25),(26,28),(27,29)],[(0,4),(1,5),(2,6),(3,7),(8,9),(10,13),(11,18),(12,17),(14,15),(16,19),(20,21),(22,26),(23,27),(24,28),(25,29)],[(0,22),(1,23),(2,26),(3,27),(4,24),(5,25),(6,28),(7,29),(8,13),(9,11),(12,14),(15,17),(16,21),(18,20)],[(1,22),(2,4),(3,24),(5,26),(6,23),(7,28),(8,10),(9,12),(11,14),(13,16),(15,18),(17,20),(19,21),(25,27)]  # out=5478
[(0,29),(1,28),(2,27),(3,26),(4,25),(5,24),(6,23),(7,22),(8,9),(10,11),(12,17),(13,16),(14,15),(18,19),(20,21)],[(0,1),(2,3),(4,5),(6,7),(8,12),(9,20),(10,18),(11,19),(13,14),(15,16),(17,21),(22,23),(24,25),(26,27),(28,29)],[(0,2),(1,3),(4,6),(5,7),(8,9),(10,13),(11,14),(12,17),(15,18),(16,19),(20,21),(22,24),(23,25),(26,28),(27,29)],[(0,4),(1,5),(2,6),(3,7),(8,11),(9,13),(12,15),(14,17),(16,20),(18,21),(22,26),(23,27),(24,28),(25,29)],[(1,2),(3,26),(4,22),(5,24),(6,23),(7,25),(8,10),(9,12),(11,18),(13,15),(14,16),(17,20),(19,21),(27,28)]  # out=5561
[(0,1),(2,3),(4,5),(6,7),(8,9),(10,11),(12,17),(13,16),(14,15),(18,19),(20,21),(22,23),(24,25),(26,27),(28,29)],[(0,2),(1,3),(4,6),(5,7),(8,12),(9,20),(10,18),(11,19),(13,14),(15,16),(17,21),(22,24),(23,25),(26,28),(27,29)],[(0,4),(1,5),(2,6),(3,7),(8,9),(10,13),(11,14),(12,17),(15,18),(16,19),(20,21),(22,26),(23,27),(24,28),(25,29)],[(0,22),(1,23),(2,26),(3,27),(4,24),(5,25),(6,28),(7,29),(8,11),(9,13),(12,15),(14,17),(16,20),(18,21)],[(1,22),(2,4),(3,24),(5,26),(6,23),(7,28),(8,10),(9,12),(11,18),(13,15),(14,16),(17,20),(19,21),(25,27)]  # out=5561
[(0,29),(1,28),(2,27),(3,26),(4,25),(5,24),(6,23),(7,22),(8,9),(10,11),(12,13),(14,15),(16,17),(18,19),(20,21)],[(0,1),(2,3),(4,5),(6,7),(8,10),(9,11),(12,14),(13,16),(15,17),(18,20),(19,21),(22,23),(24,25),(26,27),(28,29)],[(0,2),(1,3),(4,6),(5,7),(8,18),(9,20),(10,19),(11,21),(12,13),(14,15),(16,17),(22,24),(23,25),(26,28),(27,29)],[(0,4),(1,5),(2,6),(3,7),(8,12),(9,13),(10,14),(11,18),(15,19),(16,20),(17,21),(22,26),(23,27),(24,28),(25,29)],[(1,2),(3,26),(4,22),(5,24),(6,23),(7,25),(9,10),(11,12),(13,14),(15,16),(17,18),(19,20),(27,28)]  # out=5727
[(0,29),(1,28),(2,27),(3,26),(4,25),(5,24),(6,23),(7,22),(8,9),(10,11),(12,13),(14,15),(16,17),(18,19),(20,21)],[(0,1),(2,3),(4,5),(6,7),(8,10),(9,11),(12,14),(13,16),(15,17),(18,20),(19,21),(22,23),(24,25),(26,27),(28,29)],[(0,2),(1,3),(4,6),(5,7),(8,18),(9,10),(11,21),(12,13),(14,15),(16,17),(19,20),(22,24),(23,25),(26,28),(27,29)],[(0,4),(1,5),(2,6),(3,7),(9,13),(10,15),(11,17),(12,18),(14,19),(16,20),(22,26),(23,27),(24,28),(25,29)],[(1,2),(3,26),(4,22),(5,24),(6,23),(7,25),(8,12),(9,14),(10,16),(11,18),(13,19),(15,20),(17,21),(27,28)]  # out=5727
[(0,1),(2,3),(4,5),(6,7),(8,9),(10,11),(12,13),(14,15),(16,17),(18,19),(20,21),(22,23),(24,25),(26,27),(28,29)],[(0,2),(1,3),(4,6),(5,7),(8,10),(9,11),(12,14),(13,16),(15,17),(18,20),(19,21),(22,24),(23,25),(26,28),(27,29)],[(0,4),(1,5),(2,6),(3,7),(8,18),(9,20),(10,19),(11,21),(12,13),(14,15),(16,17),(22,26),(23,27),(24,28),(25,29)],[(0,22),(1,23),(2,26),(3,27),(4,24),(5,25),(6,28),(7,29),(8,12),(9,13),(10,14),(11,18),(15,19),(16,20),(17,21)],[(1,22),(2,4),(3,24),(5,26),(6,23),(7,28),(9,10),(11,12),(13,14),(15,16),(17,18),(19,20),(25,27)]  # out=5727
[(0,1),(2,3),(4,5),(6,7),(8,9),(10,11),(12,13),(14,15),(16,17),(18,19),(20,21),(22,23),(24,25),(26,27),(28,29)],[(0,2),(1,3),(4,6),(5,7),(8,10),(9,11),(12,14),(13,16),(15,17),(18,20),(19,21),(22,24),(23,25),(26,28),(27,29)],[(0,4),(1,5),(2,6),(3,7),(8,18),(9,10),(11,21),(12,13),(14,15),(16,17),(19,20),(22,26),(23,27),(24,28),(25,29)],[(0,22),(1,23),(2,26),(3,27),(4,24),(5,25),(6,28),(7,29),(9,13),(10,15),(11,17),(12,18),(14,19),(16,20)],[(1,22),(2,4),(3,24),(5,26),(6,23),(7,28),(8,12),(9,14),(10,16),(11,18),(13,19),(15,20),(17,21),(25,27)]  # out=5727
[(0,29),(1,28),(2,27),(3,26),(4,25),(5,24),(6,23),(7,22),(8,9),(10,11),(12,13),(14,15),(16,17),(18,19),(20,21)],[(0,1),(2,3),(4,5),(6,7),(8,10),(9,11),(12,14),(13,16),(15,17),(18,20),(19,21),(22,23),(24,25),(26,27),(28,29)],[(0,2),(1,3),(4,6),(5,7),(8,18),(9,20),(10,19),(11,21),(12,13),(14,15),(16,17),(22,24),(23,25),(26,28),(27,29)],[(0,4),(1,5),(2,6),(3,7),(9,12),(10,18),(11,19),(13,14),(15,16),(17,20),(22,26),(23,27),(24,28),(25,29)],[(1,2),(3,26),(4,22),(5,24),(6,23),(7,25),(8,9),(10,13),(11,14),(12,17),(15,18),(16,19),(20,21),(27,28)]  # out=5810
[(0,29),(1,28),(2,27),(3,26),(4,25),(5,24),(6,23),(7,22),(8,9),(10,11),(12,13),(14,15),(16,17),(18,19),(20,21)],[(0,1),(2,3),(4,5),(6,7),(8,10),(9,11),(12,14),(13,16),(15,17),(18,20),(19,21),(22,23),(24,25),(26,27),(28,29)],[(0,2),(1,3),(4,6),(5,7),(8,18),(9,20),(10,19),(11,21),(12,13),(14,15),(16,17),(22,24),(23,25),(26,28),(27,29)],[(0,4),(1,5),(2,6),(3,7),(9,13),(10,14),(11,17),(12,18),(15,19),(16,20),(22,26),(23,27),(24,28),(25,29)],[(1,2),(3,26),(4,22),(5,24),(6,23),(7,25),(8,12),(9,10),(11,18),(13,15),(14,16),(17,21),(19,20),(27,28)]  # out=5810
[(0,29),(1,28),(2,27),(3,26),(4,25),(5,24),(6,23),(7,22),(8,9),(10,11),(12,17),(13,16),(14,15),(18,19),(20,21)],[(0,1),(2,3),(4,5),(6,7),(8,12),(9,20),(10,18),(11,19),(13,14),(15,16),(17,21),(22,23),(24,25),(26,27),(28,29)],[(0,2),(1,3),(4,6),(5,7),(8,9),(10,13),(11,14),(12,17),(15,18),(16,19),(20,21),(22,24),(23,25),(26,28),(27,29)],[(0,4),(1,5),(2,6),(3,7),(8,10),(9,11),(12,13),(14,15),(16,17),(18,20),(19,21),(22,26),(23,27),(24,28),(25,29)],[(1,2),(3,26),(4,22),(5,24),(6,23),(7,25),(9,12),(10,14),(11,13),(15,19),(16,18),(17,20),(27,28)]  # out=5810
[(0,1),(2,3),(4,5),(6,7),(8,9),(10,11),(12,13),(14,15),(16,17),(18,19),(20,21),(22,23),(24,25),(26,27),(28,29)],[(0,2),(1,3),(4,6),(5,7),(8,10),(9,11),(12,14),(13,16),(15,17),(18,20),(19,21),(22,24),(23,25),(26,28),(27,29)],[(0,4),(1,5),(2,6),(3,7),(8,18),(9,20),(10,19),(11,21),(12,13),(14,15),(16,17),(22,26),(23,27),(24,28),(25,29)],[(0,22),(1,23),(2,26),(3,27),(4,24),(5,25),(6,28),(7,29),(9,12),(10,18),(11,19),(13,14),(15,16),(17,20)],[(1,22),(2,4),(3,24),(5,26),(6,23),(7,28),(8,9),(10,13),(11,14),(12,17),(15,18),(16,19),(20,21),(25,27)]  # out=5810
[(0,1),(2,3),(4,5),(6,7),(8,9),(10,11),(12,13),(14,15),(16,17),(18,19),(20,21),(22,23),(24,25),(26,27),(28,29)],[(0,2),(1,3),(4,6),(5,7),(8,10),(9,11),(12,14),(13,16),(15,17),(18,20),(19,21),(22,24),(23,25),(26,28),(27,29)],[(0,4),(1,5),(2,6),(3,7),(8,18),(9,20),(10,19),(11,21),(12,13),(14,15),(16,17),(22,26),(23,27),(24,28),(25,29)],[(0,22),(1,23),(2,26),(3,27),(4,24),(5,25),(6,28),(7,29),(9,13),(10,14),(11,17),(12,18),(15,19),(16,20)],[(1,22),(2,4),(3,24),(5,26),(6,23),(7,28),(8,12),(9,10),(11,18),(13,15),(14,16),(17,21),(19,20),(25,27)]  # out=5810
[(0,1),(2,3),(4,5),(6,7),(8,9),(10,11),(12,17),(13,16),(14,15),(18,19),(20,21),(22,23),(24,25),(26,27),(28,29)],[(0,2),(1,3),(4,6),(5,7),(8,12),(9,20),(10,18),(11,19),(13,14),(15,16),(17,21),(22,24),(23,25),(26,28),(27,29)],[(0,4),(1,5),(2,6),(3,7),(8,9),(10,13),(11,14),(12,17),(15,18),(16,19),(20,21),(22,26),(23,27),(24,28),(25,29)],[(0,22),(1,23),(2,26),(3,27),(4,24),(5,25),(6,28),(7,29),(8,10),(9,11),(12,13),(14,15),(16,17),(18,20),(19,21)],[(1,22),(2,4),(3,24),(5,26),(6,23),(7,28),(9,12),(10,14),(11,13),(15,19),(16,18),(17,20),(25,27)]  # out=5810
[(0,29),(1,28),(2,27),(3,26),(4,25),(5,24),(6,23),(7,22),(8,9),(10,11),(12,13),(14,15),(16,17),(18,19),(20,21)],[(0,1),(2,3),(4,5),(6,7),(8,10),(9,11),(12,14),(13,16),(15,17),(18,20),(19,21),(22,23),(24,25),(26,27),(28,29)],[(0,2),(1,3),(4,6),(5,7),(8,18),(9,20),(10,19),(11,21),(12,13),(14,15),(16,17),(22,24),(23,25),(26,28),(27,29)],[(0,4),(1,5),(2,6),(3,7),(9,12),(10,13),(11,15),(14,18),(16,19),(17,20),(22,26),(23,27),(24,28),(25,29)],[(1,2),(3,26),(4,22),(5,24),(6,23),(7,25),(8,9),(10,14),(11,16),(12,17),(13,18),(15,19),(20,21),(27,28)]  # out=5893
[(0,29),(1,28),(2,27),(3,26),(4,25),(5,24),(6,23),(7,22),(8,9),(10,11),(12,17),(13,16),(14,15),(18,19),(20,21)],[(0,1),(2,3),(4,5),(6,7),(8,12),(9,20),(10,18),(11,19),(13,14),(15,16),(17,21),(22,23),(24,25),(26,27),(28,29)],[(0,2),(1,3),(4,6),(5,7),(8,9),(10,13),(11,14),(12,17),(15,18),(16,19),(20,21),(22,24),(23,25),(26,28),(27,29)],[(0,4),(1,5),(2,6),(3,7),(8,11),(9,12),(13,15),(14,16),(17,20),(18,21),(22,26),(23,27),(24,28),(25,29)],[(1,2),(3,26),(4,22),(5,24),(6,23),(7,25),(8,10),(9,14),(11,13),(12,17),(15,20),(16,18),(19,21),(27,28)]  # out=5893
[(0,29),(1,28),(2,27),(3,26),(4,25),(5,24),(6,23),(7,22),(8,9),(10,11),(12,13),(14,15),(16,17),(18,19),(20,21)],[(0,1),(2,3),(4,5),(6,7),(8,10),(9,11),(12,14),(13,16),(15,17),(18,20),(19,21),(22,23),(24,25),(26,27),(28,29)],[(0,2),(1,3),(4,6),(5,7),(8,18),(9,20),(10,19),(11,21),(12,13),(14,15),(16,17),(22,24),(23,25),(26,28),(27,29)],[(0,4),(1,5),(2,6),(3,7),(9,13),(10,14),(11,17),(12,18),(15,19),(16,20),(22,26),(23,27),(24,28),(25,29)],[(1,2),(3,26),(4,22),(5,24),(6,23),(7,25),(8,9),(10,12),(11,13),(14,15),(16,18),(17,19),(20,21),(27,28)]  # out=5893
[(0,29),(1,28),(2,27),(3,26),(4,25),(5,24),(6,23),(7,22),(8,9),(10,11),(12,13),(14,15),(16,17),(18,19),(20,21)],[(0,1),(2,3),(4,5),(6,7),(8,10),(9,11),(12,15),(13,16),(14,17),(18,20),(19,21),(22,23),(24,25),(26,27),(28,29)],[(0,2),(1,3),(4,6),(5,7),(8,18),(9,20),(10,19),(11,21),(12,17),(13,14),(15,16),(22,24),(23,25),(26,28),(27,29)],[(0,4),(1,5),(2,6),(3,7),(9,12),(10,13),(11,15),(14,18),(16,19),(17,20),(22,26),(23,27),(24,28),(25,29)],[(1,2),(3,26),(4,22),(5,24),(6,23),(7,25),(8,9),(10,14),(11,13),(12,17),(15,19),(16,18),(20,21),(27,28)]  # out=5893
[(0,1),(2,3),(4,5),(6,7),(8,9),(10,11),(12,13),(14,15),(16,17),(18,19),(20,21),(22,23),(24,25),(26,27),(28,29)],[(0,2),(1,3),(4,6),(5,7),(8,10),(9,11),(12,14),(13,16),(15,17),(18,20),(19,21),(22,24),(23,25),(26,28),(27,29)],[(0,4),(1,5),(2,6),(3,7),(8,18),(9,20),(10,19),(11,21),(12,13),(14,15),(16,17),(22,26),(23,27),(24,28),(25,29)],[(0,22),(1,23),(2,26),(3,27),(4,24),(5,25),(6,28),(7,29),(9,12),(10,13),(11,15),(14,18),(16,19),(17,20)],[(1,22),(2,4),(3,24),(5,26),(6,23),(7,28),(8,9),(10,14),(11,16),(12,17),(13,18),(15,19),(20,21),(25,27)]  # out=5893
[(0,1),(2,3),(4,5),(6,7),(8,9),(10,11),(12,17),(13,16),(14,15),(18,19),(20,21),(22,23),(24,25),(26,27),(28,29)],[(0,2),(1,3),(4,6),(5,7),(8,12),(9,20),(10,18),(11,19),(13,14),(15,16),(17,21),(22,24),(23,25),(26,28),(27,29)],[(0,4),(1,5),(2,6),(3,7),(8,9),(10,13),(11,14),(12,17),(15,18),(16,19),(20,21),(22,26),(23,27),(24,28),(25,29)],[(0,22),(1,23),(2,26),(3,27),(4,24),(5,25),(6,28),(7,29),(8,11),(9,12),(13,15),(14,16),(17,20),(18,21)],[(1,22),(2,4),(3,24),(5,26),(6,23),(7,28),(8,10),(9,14),(11,13),(12,17),(15,20),(16,18),(19,21),(25,27)]  # out=5893
[(0,1),(2,3),(4,5),(6,7),(8,9),(10,11),(12,13),(14,15),(16,17),(18,19),(20,21),(22,23),(24,25),(26,27),(28,29)],[(0,2),(1,3),(4,6),(5,7),(8,10),(9,11),(12,14),(13,16),(15,17),(18,20),(19,21),(22,24),(23,25),(26,28),(27,29)],[(0,4),(1,5),(2,6),(3,7),(8,18),(9,20),(10,19),(11,21),(12,13),(14,15),(16,17),(22,26),(23,27),(24,28),(25,29)],[(0,22),(1,23),(2,26),(3,27),(4,24),(5,25),(6,28),(7,29),(9,13),(10,14),(11,17),(12,18),(15,19),(16,20)],[(1,22),(2,4),(3,24),(5,26),(6,23),(7,28),(8,9),(10,12),(11,13),(14,15),(16,18),(17,19),(20,21),(25,27)]  # out=5893
[(0,1),(2,3),(4,5),(6,7),(8,9),(10,11),(12,13),(14,15),(16,17),(18,19),(20,21),(22,23),(24,25),(26,27),(28,29)],[(0,2),(1,3),(4,6),(5,7),(8,10),(9,11),(12,15),(13,16),(14,17),(18,20),(19,21),(22,24),(23,25),(26,28),(27,29)],[(0,4),(1,5),(2,6),(3,7),(8,18),(9,20),(10,19),(11,21),(12,17),(13,14),(15,16),(22,26),(23,27),(24,28),(25,29)],[(0,22),(1,23),(2,26),(3,27),(4,24),(5,25),(6,28),(7,29),(9,12),(10,13),(11,15),(14,18),(16,19),(17,20)],[(1,22),(2,4),(3,24),(5,26),(6,23),(7,28),(8,9),(10,14),(11,13),(12,17),(15,19),(16,18),(20,21),(25,27)]  # out=5893
[(0,29),(1,28),(2,27),(3,26),(4,25),(5,24),(6,23),(7,22),(8,9),(10,11),(12,17),(13,16),(14,15),(18,19),(20,21)],[(0,1),(2,3),(4,5),(6,7),(8,12),(9,20),(10,18),(11,19),(13,14),(15,16),(17,21),(22,23),(24,25),(26,27),(28,29)],[(0,2),(1,3),(4,6),(5,7),(8,9),(10,13),(11,14),(12,17),(15,18),(16,19),(20,21),(22,24),(23,25),(26,28),(27,29)],[(0,4),(1,5),(2,6),(3,7),(8,14),(9,12),(11,13),(15,21),(16,18),(17,20),(22,26),(23,27),(24,28),(25,29)],[(1,2),(3,26),(4,22),(5,24),(6,23),(7,25),(8,10),(9,11),(12,17),(13,15),(14,16),(18,20),(19,21),(27,28)]  # out=5976
[(0,29),(1,28),(2,27),(3,26),(4,25),(5,24),(6,23),(7,22),(8,9),(10,11),(12,17),(13,16),(14,15),(18,19),(20,21)],[(0,1),(2,3),(4,5),(6,7),(8,12),(9,20),(10,18),(11,19),(13,14),(15,16),(17,21),(22,23),(24,25),(26,27),(28,29)],[(0,2),(1,3),(4,6),(5,7),(8,9),(10,13),(11,14),(12,17),(15,18),(16,19),(20,21),(22,24),(23,25),(26,28),(27,29)],[(0,4),(1,5),(2,6),(3,7),(8,14),(9,12),(11,13),(15,21),(16,18),(17,20),(22,26),(23,27),(24,28),(25,29)],[(1,2),(3,26),(4,22),(5,24),(6,23),(7,25),(8,11),(9,19),(10,20),(12,17),(13,15),(14,16),(18,21),(27,28)]  # out=5976
[(0,29),(1,28),(2,27),(3,26),(4,25),(5,24),(6,23),(7,22),(8,9),(10,11),(12,17),(13,16),(14,15),(18,19),(20,21)],[(0,1),(2,3),(4,5),(6,7),(8,12),(9,20),(10,18),(11,19),(13,14),(15,16),(17,21),(22,23),(24,25),(26,27),(28,29)],[(0,2),(1,3),(4,6),(5,7),(8,9),(10,13),(11,18),(12,17),(14,15),(16,19),(20,21),(22,24),(23,25),(26,28),(27,29)],[(0,4),(1,5),(2,6),(3,7),(8,13),(9,11),(12,14),(15,17),(16,21),(18,20),(22,26),(23,27),(24,28),(25,29)],[(1,2),(3,26),(4,22),(5,24),(6,23),(7,25),(9,12),(11,14),(13,16),(15,18),(17,20),(27,28)]  # out=5976
[(0,29),(1,28),(2,27),(3,26),(4,25),(5,24),(6,23),(7,22),(8,9),(10,11),(12,17),(13,16),(14,15),(18,19),(20,21)],[(0,1),(2,3),(4,5),(6,7),(8,12),(9,20),(10,18),(11,19),(13,14),(15,16),(17,21),(22,23),(24,25),(26,27),(28,29)],[(0,2),(1,3),(4,6),(5,7),(8,9),(10,13),(11,14),(12,17),(15,18),(16,19),(20,21),(22,24),(23,25),(26,28),(27,29)],[(0,4),(1,5),(2,6),(3,7),(8,11),(9,12),(13,15),(14,16),(17,20),(18,21),(22,26),(23,27),(24,28),(25,29)],[(1,2),(3,26),(4,22),(5,24),(6,23),(7,25),(8,10),(9,13),(11,15),(12,17),(14,18),(16,20),(19,21),(27,28)]  # out=5976
[(0,29),(1,28),(2,27),(3,26),(4,25),(5,24),(6,23),(7,22),(8,9),(10,11),(12,17),(13,16),(14,15),(18,19),(20,21)],[(0,1),(2,3),(4,5),(6,7),(8,12),(9,20),(10,18),(11,19),(13,14),(15,16),(17,21),(22,23),(24,25),(26,27),(28,29)],[(0,2),(1,3),(4,6),(5,7),(8,9),(10,13),(11,14),(12,17),(15,18),(16,19),(20,21),(22,24),(23,25),(26,28),(27,29)],[(0,4),(1,5),(2,6),(3,7),(8,11),(9,12),(13,15),(14,16),(17,20),(18,21),(22,26),(23,27),(24,28),(25,29)],[(1,2),(3,26),(4,22),(5,24),(6,23),(7,25),(8,10),(9,16),(11,15),(12,17),(13,20),(14,18),(19,21),(27,28)]  # out=5976
[(0,29),(1,28),(2,27),(3,26),(4,25),(5,24),(6,23),(7,22),(8,9),(10,11),(12,17),(13,16),(14,15),(18,19),(20,21)],[(0,1),(2,3),(4,5),(6,7),(8,12),(9,20),(10,18),(11,19),(13,14),(15,16),(17,21),(22,23),(24,25),(26,27),(28,29)],[(0,2),(1,3),(4,6),(5,7),(8,9),(10,13),(11,14),(12,17),(15,18),(16,19),(20,21),(22,24),(23,25),(26,28),(27,29)],[(0,4),(1,5),(2,6),(3,7),(8,10),(9,14),(11,17),(12,18),(13,16),(15,20),(19,21),(22,26),(23,27),(24,28),(25,29)],[(1,2),(3,26),(4,22),(5,24),(6,23),(7,25),(9,11),(10,15),(12,13),(14,19),(16,17),(18,20),(27,28)]  # out=5976
[(0,29),(1,28),(2,27),(3,26),(4,25),(5,24),(6,23),(7,22),(8,9),(10,11),(12,13),(14,15),(16,17),(18,19),(20,21)],[(0,1),(2,3),(4,5),(6,7),(8,10),(9,12),(11,14),(13,16),(15,18),(17,20),(19,21),(22,23),(24,25),(26,27),(28,29)],[(0,2),(1,3),(4,6),(5,7),(8,17),(9,15),(10,19),(11,13),(12,21),(14,20),(16,18),(22,24),(23,25),(26,28),(27,29)],[(0,4),(1,5),(2,6),(3,7),(8,9),(10,13),(12,14),(15,17),(16,19),(20,21),(22,26),(23,27),(24,28),(25,29)],[(1,2),(3,26),(4,22),(5,24),(6,23),(7,25),(9,11),(10,15),(12,16),(13,17),(14,19),(18,20),(27,28)]  # out=5976
[(0,29),(1,28),(2,27),(3,26),(4,25),(5,24),(6,23),(7,22),(8,9),(10,11),(12,13),(14,15),(16,17),(18,19),(20,21)],[(0,1),(2,3),(4,5),(6,7),(8,10),(9,11),(12,14),(13,16),(15,17),(18,20),(19,21),(22,23),(24,25),(26,27),(28,29)],[(0,2),(1,3),(4,6),(5,7),(8,18),(9,10),(11,21),(12,13),(14,15),(16,17),(19,20),(22,24),(23,25),(26,28),(27,29)],[(0,4),(1,5),(2,6),(3,7),(8,12),(9,13),(10,15),(11,18),(14,19),(16,20),(17,21),(22,26),(23,27),(24,28),(25,29)],[(1,2),(3,26),(4,22),(5,24),(6,23),(7,25),(9,14),(10,16),(11,12),(13,19),(15,20),(17,18),(27,28)]  # out=5976
[(0,1),(2,3),(4,5),(6,7),(8,9),(10,11),(12,17),(13,16),(14,15),(18,19),(20,21),(22,23),(24,25),(26,27),(28,29)],[(0,2),(1,3),(4,6),(5,7),(8,12),(9,20),(10,18),(11,19),(13,14),(15,16),(17,21),(22,24),(23,25),(26,28),(27,29)],[(0,4),(1,5),(2,6),(3,7),(8,9),(10,13),(11,14),(12,17),(15,18),(16,19),(20,21),(22,26),(23,27),(24,28),(25,29)],[(0,22),(1,23),(2,26),(3,27),(4,24),(5,25),(6,28),(7,29),(8,14),(9,12),(11,13),(15,21),(16,18),(17,20)],[(1,22),(2,4),(3,24),(5,26),(6,23),(7,28),(8,10),(9,11),(12,17),(13,15),(14,16),(18,20),(19,21),(25,27)]  # out=5976
[(0,1),(2,3),(4,5),(6,7),(8,9),(10,11),(12,17),(13,16),(14,15),(18,19),(20,21),(22,23),(24,25),(26,27),(28,29)],[(0,2),(1,3),(4,6),(5,7),(8,12),(9,20),(10,18),(11,19),(13,14),(15,16),(17,21),(22,24),(23,25),(26,28),(27,29)],[(0,4),(1,5),(2,6),(3,7),(8,9),(10,13),(11,14),(12,17),(15,18),(16,19),(20,21),(22,26),(23,27),(24,28),(25,29)],[(0,22),(1,23),(2,26),(3,27),(4,24),(5,25),(6,28),(7,29),(8,14),(9,12),(11,13),(15,21),(16,18),(17,20)],[(1,22),(2,4),(3,24),(5,26),(6,23),(7,28),(8,11),(9,19),(10,20),(12,17),(13,15),(14,16),(18,21),(25,27)]  # out=5976
[(0,1),(2,3),(4,5),(6,7),(8,9),(10,11),(12,17),(13,16),(14,15),(18,19),(20,21),(22,23),(24,25),(26,27),(28,29)],[(0,2),(1,3),(4,6),(5,7),(8,12),(9,20),(10,18),(11,19),(13,14),(15,16),(17,21),(22,24),(23,25),(26,28),(27,29)],[(0,4),(1,5),(2,6),(3,7),(8,9),(10,13),(11,18),(12,17),(14,15),(16,19),(20,21),(22,26),(23,27),(24,28),(25,29)],[(0,22),(1,23),(2,26),(3,27),(4,24),(5,25),(6,28),(7,29),(8,13),(9,11),(12,14),(15,17),(16,21),(18,20)],[(1,22),(2,4),(3,24),(5,26),(6,23),(7,28),(9,12),(11,14),(13,16),(15,18),(17,20),(25,27)]  # out=5976
[(0,1),(2,3),(4,5),(6,7),(8,9),(10,11),(12,17),(13,16),(14,15),(18,19),(20,21),(22,23),(24,25),(26,27),(28,29)],[(0,2),(1,3),(4,6),(5,7),(8,12),(9,20),(10,18),(11,19),(13,14),(15,16),(17,21),(22,24),(23,25),(26,28),(27,29)],[(0,4),(1,5),(2,6),(3,7),(8,9),(10,13),(11,14),(12,17),(15,18),(16,19),(20,21),(22,26),(23,27),(24,28),(25,29)],[(0,22),(1,23),(2,26),(3,27),(4,24),(5,25),(6,28),(7,29),(8,11),(9,12),(13,15),(14,16),(17,20),(18,21)],[(1,22),(2,4),(3,24),(5,26),(6,23),(7,28),(8,10),(9,13),(11,15),(12,17),(14,18),(16,20),(19,21),(25,27)]  # out=5976
[(0,1),(2,3),(4,5),(6,7),(8,9),(10,11),(12,17),(13,16),(14,15),(18,19),(20,21),(22,23),(24,25),(26,27),(28,29)],[(0,2),(1,3),(4,6),(5,7),(8,12),(9,20),(10,18),(11,19),(13,14),(15,16),(17,21),(22,24),(23,25),(26,28),(27,29)],[(0,4),(1,5),(2,6),(3,7),(8,9),(10,13),(11,14),(12,17),(15,18),(16,19),(20,21),(22,26),(23,27),(24,28),(25,29)],[(0,22),(1,23),(2,26),(3,27),(4,24),(5,25),(6,28),(7,29),(8,11),(9,12),(13,15),(14,16),(17,20),(18,21)],[(1,22),(2,4),(3,24),(5,26),(6,23),(7,28),(8,10),(9,16),(11,15),(12,17),(13,20),(14,18),(19,21),(25,27)]  # out=5976
[(0,1),(2,3),(4,5),(6,7),(8,9),(10,11),(12,17),(13,16),(14,15),(18,19),(20,21),(22,23),(24,25),(26,27),(28,29)],[(0,2),(1,3),(4,6),(5,7),(8,12),(9,20),(10,18),(11,19),(13,14),(15,16),(17,21),(22,24),(23,25),(26,28),(27,29)],[(0,4),(1,5),(2,6),(3,7),(8,9),(10,13),(11,14),(12,17),(15,18),(16,19),(20,21),(22,26),(23,27),(24,28),(25,29)],[(0,22),(1,23),(2,26),(3,27),(4,24),(5,25),(6,28),(7,29),(8,10),(9,14),(11,17),(12,18),(13,16),(15,20),(19,21)],[(1,22),(2,4),(3,24),(5,26),(6,23),(7,28),(9,11),(10,15),(12,13),(14,19),(16,17),(18,20),(25,27)]  # out=5976
[(0,1),(2,3),(4,5),(6,7),(8,9),(10,11),(12,13),(14,15),(16,17),(18,19),(20,21),(22,23),(24,25),(26,27),(28,29)],[(0,2),(1,3),(4,6),(5,7),(8,10),(9,12),(11,14),(13,16),(15,18),(17,20),(19,21),(22,24),(23,25),(26,28),(27,29)],[(0,4),(1,5),(2,6),(3,7),(8,17),(9,15),(10,19),(11,13),(12,21),(14,20),(16,18),(22,26),(23,27),(24,28),(25,29)],[(0,22),(1,23),(2,26),(3,27),(4,24),(5,25),(6,28),(7,29),(8,9),(10,13),(12,14),(15,17),(16,19),(20,21)],[(1,22),(2,4),(3,24),(5,26),(6,23),(7,28),(9,11),(10,15),(12,16),(13,17),(14,19),(18,20),(25,27)]  # out=5976
[(0,1),(2,3),(4,5),(6,7),(8,9),(10,11),(12,13),(14,15),(16,17),(18,19),(20,21),(22,23),(24,25),(26,27),(28,29)],[(0,2),(1,3),(4,6),(5,7),(8,10),(9,11),(12,14),(13,16),(15,17),(18,20),(19,21),(22,24),(23,25),(26,28),(27,29)],[(0,4),(1,5),(2,6),(3,7),(8,18),(9,10),(11,21),(12,13),(14,15),(16,17),(19,20),(22,26),(23,27),(24,28),(25,29)],[(0,22),(1,23),(2,26),(3,27),(4,24),(5,25),(6,28),(7,29),(8,12),(9,13),(10,15),(11,18),(14,19),(16,20),(17,21)],[(1,22),(2,4),(3,24),(5,26),(6,23),(7,28),(9,14),(10,16),(11,12),(13,19),(15,20),(17,18),(25,27)]  # out=5976
[(0,29),(1,28),(2,27),(3,26),(4,25),(5,24),(6,23),(7,22),(8,9),(10,11),(12,17),(13,16),(14,15),(18,19),(20,21)],[(0,1),(2,3),(4,5),(6,7),(8,12),(9,20),(10,18),(11,19),(13,14),(15,16),(17,21),(22,23),(24,25),(26,27),(28,29)],[(0,2),(1,3),(4,6),(5,7),(8,9),(10,13),(11,14),(12,17),(15,18),(16,19),(20,21),(22,24),(23,25),(26,28),(27,29)],[(0,4),(1,5),(2,6),(3,7),(8,19),(9,12),(10,21),(11,13),(14,15),(16,18),(17,20),(22,26),(23,27),(24,28),(25,29)],[(1,2),(3,26),(4,22),(5,24),(6,23),(7,25),(8,10),(11,14),(12,17),(13,16),(15,18),(19,21),(27,28)]  # out=6059
[(0,29),(1,28),(2,27),(3,26),(4,25),(5,24),(6,23),(7,22),(8,9),(10,11),(12,17),(13,16),(14,15),(18,19),(20,21)],[(0,1),(2,3),(4,5),(6,7),(8,12),(9,20),(10,18),(11,19),(13,14),(15,16),(17,21),(22,23),(24,25),(26,27),(28,29)],[(0,2),(1,3),(4,6),(5,7),(8,9),(10,13),(11,14),(12,17),(15,18),(16,19),(20,21),(22,24),(23,25),(26,28),(27,29)],[(0,4),(1,5),(2,6),(3,7),(8,19),(9,12),(10,21),(11,13),(14,15),(16,18),(17,20),(22,26),(23,27),(24,28),(25,29)],[(1,2),(3,26),(4,22),(5,24),(6,23),(7,25),(8,14),(9,11),(12,13),(15,21),(16,17),(18,20),(27,28)]  # out=6059
[(0,29),(1,28),(2,27),(3,26),(4,25),(5,24),(6,23),(7,22),(8,9),(10,11),(12,17),(13,16),(14,15),(18,19),(20,21)],[(0,1),(2,3),(4,5),(6,7),(8,12),(9,20),(10,18),(11,19),(13,14),(15,16),(17,21),(22,23),(24,25),(26,27),(28,29)],[(0,2),(1,3),(4,6),(5,7),(8,9),(10,13),(11,14),(12,17),(15,18),(16,19),(20,21),(22,24),(23,25),(26,28),(27,29)],[(0,4),(1,5),(2,6),(3,7),(8,19),(9,12),(10,21),(11,13),(14,15),(16,18),(17,20),(22,26),(23,27),(24,28),(25,29)],[(1,2),(3,26),(4,22),(5,24),(6,23),(7,25),(9,10),(11,14),(12,17),(13,16),(15,18),(19,20),(27,28)]  # out=6059
[(0,29),(1,28),(2,27),(3,26),(4,25),(5,24),(6,23),(7,22),(8,9),(10,11),(12,17),(13,16),(14,15),(18,19),(20,21)],[(0,1),(2,3),(4,5),(6,7),(8,12),(9,20),(10,18),(11,19),(13,14),(15,16),(17,21),(22,23),(24,25),(26,27),(28,29)],[(0,2),(1,3),(4,6),(5,7),(8,9),(10,13),(11,14),(12,17),(15,18),(16,19),(20,21),(22,24),(23,25),(26,28),(27,29)],[(0,4),(1,5),(2,6),(3,7),(8,19),(9,12),(10,21),(11,13),(14,15),(16,18),(17,20),(22,26),(23,27),(24,28),(25,29)],[(1,2),(3,26),(4,22),(5,24),(6,23),(7,25),(9,19),(10,20),(11,14),(12,17),(13,16),(15,18),(27,28)]  # out=6059
[(0,29),(1,28),(2,27),(3,26),(4,25),(5,24),(6,23),(7,22),(8,9),(10,11),(12,17),(13,16),(14,15),(18,19),(20,21)],[(0,1),(2,3),(4,5),(6,7),(8,12),(9,20),(10,18),(11,19),(13,14),(15,16),(17,21),(22,23),(24,25),(26,27),(28,29)],[(0,2),(1,3),(4,6),(5,7),(8,9),(10,13),(11,14),(12,17),(15,18),(16,19),(20,21),(22,24),(23,25),(26,28),(27,29)],[(0,4),(1,5),(2,6),(3,7),(8,10),(9,12),(11,13),(14,15),(16,18),(17,20),(19,21),(22,26),(23,27),(24,28),(25,29)],[(1,2),(3,26),(4,22),(5,24),(6,23),(7,25),(9,10),(11,14),(12,17),(13,16),(15,18),(19,20),(27,28)]  # out=6059
[(0,29),(1,28),(2,27),(3,26),(4,25),(5,24),(6,23),(7,22),(8,9),(10,11),(12,17),(13,16),(14,15),(18,19),(20,21)],[(0,1),(2,3),(4,5),(6,7),(8,12),(9,20),(10,18),(11,19),(13,14),(15,16),(17,21),(22,23),(24,25),(26,27),(28,29)],[(0,2),(1,3),(4,6),(5,7),(8,9),(10,13),(11,14),(12,17),(15,18),(16,19),(20,21),(22,24),(23,25),(26,28),(27,29)],[(0,4),(1,5),(2,6),(3,7),(8,10),(9,12),(11,13),(14,15),(16,18),(17,20),(19,21),(22,26),(23,27),(24,28),(25,29)],[(1,2),(3,26),(4,22),(5,24),(6,23),(7,25),(9,14),(10,11),(12,13),(15,20),(16,17),(18,19),(27,28)]  # out=6059
[(0,29),(1,28),(2,27),(3,26),(4,25),(5,24),(6,23),(7,22),(8,9),(10,11),(12,17),(13,16),(14,15),(18,19),(20,21)],[(0,1),(2,3),(4,5),(6,7),(8,12),(9,20),(10,18),(11,19),(13,14),(15,16),(17,21),(22,23),(24,25),(26,27),(28,29)],[(0,2),(1,3),(4,6),(5,7),(8,9),(10,13),(11,14),(12,17),(15,18),(16,19),(20,21),(22,24),(23,25),(26,28),(27,29)],[(0,4),(1,5),(2,6),(3,7),(8,10),(9,12),(11,13),(14,15),(16,18),(17,20),(19,21),(22,26),(23,27),(24,28),(25,29)],[(1,2),(3,26),(4,22),(5,24),(6,23),(7,25),(9,19),(10,20),(11,14),(12,17),(13,16),(15,18),(27,28)]  # out=6059
[(0,29),(1,28),(2,27),(3,26),(4,25),(5,24),(6,23),(7,22),(8,9),(10,11),(12,17),(13,16),(14,15),(18,19),(20,21)],[(0,1),(2,3),(4,5),(6,7),(8,12),(9,20),(10,18),(11,19),(13,14),(15,16),(17,21),(22,23),(24,25),(26,27),(28,29)],[(0,2),(1,3),(4,6),(5,7),(8,9),(10,13),(11,14),(12,17),(15,18),(16,19),(20,21),(22,24),(23,25),(26,28),(27,29)],[(0,4),(1,5),(2,6),(3,7),(8,11),(9,12),(13,15),(14,16),(17,20),(18,21),(22,26),(23,27),(24,28),(25,29)],[(1,2),(3,26),(4,22),(5,24),(6,23),(7,25),(8,10),(9,13),(11,18),(12,17),(14,15),(16,20),(19,21),(27,28)]  # out=6059
[(0,29),(1,28),(2,27),(3,26),(4,25),(5,24),(6,23),(7,22),(8,9),(10,11),(12,17),(13,16),(14,15),(18,19),(20,21)],[(0,1),(2,3),(4,5),(6,7),(8,12),(9,20),(10,18),(11,19),(13,14),(15,16),(17,21),(22,23),(24,25),(26,27),(28,29)],[(0,2),(1,3),(4,6),(5,7),(8,9),(10,13),(11,14),(12,17),(15,18),(16,19),(20,21),(22,24),(23,25),(26,28),(27,29)],[(0,4),(1,5),(2,6),(3,7),(8,11),(9,12),(13,15),(14,16),(17,20),(18,21),(22,26),(23,27),(24,28),(25,29)],[(1,2),(3,26),(4,22),(5,24),(6,23),(7,25),(9,14),(11,13),(12,17),(15,20),(16,18),(27,28)]  # out=6059
[(0,29),(1,28),(2,27),(3,26),(4,25),(5,24),(6,23),(7,22),(8,9),(10,11),(12,13),(14,15),(16,17),(18,19),(20,21)],[(0,1),(2,3),(4,5),(6,7),(8,10),(9,11),(12,14),(13,16),(15,17),(18,20),(19,21),(22,23),(24,25),(26,27),(28,29)],[(0,2),(1,3),(4,6),(5,7),(8,18),(9,20),(10,19),(11,21),(12,13),(14,15),(16,17),(22,24),(23,25),(26,28),(27,29)],[(0,4),(1,5),(2,6),(3,7),(9,13),(10,14),(11,17),(12,18),(15,19),(16,20),(22,26),(23,27),(24,28),(25,29)],[(1,2),(3,26),(4,22),(5,24),(6,23),(7,25),(8,12),(9,10),(11,15),(13,16),(14,18),(17,21),(19,20),(27,28)]  # out=6059
[(0,29),(1,28),(2,27),(3,26),(4,25),(5,24),(6,23),(7,22),(8,9),(10,11),(12,13),(14,15),(16,17),(18,19),(20,21)],[(0,1),(2,3),(4,5),(6,7),(8,10),(9,11),(12,15),(13,16),(14,17),(18,20),(19,21),(22,23),(24,25),(26,27),(28,29)],[(0,2),(1,3),(4,6),(5,7),(8,18),(9,20),(10,19),(11,21),(12,17),(13,14),(15,16),(22,24),(23,25),(26,28),(27,29)],[(0,4),(1,5),(2,6),(3,7),(9,12),(10,13),(11,15),(14,18),(16,19),(17,20),(22,26),(23,27),(24,28),(25,29)],[(1,2),(3,26),(4,22),(5,24),(6,23),(7,25),(8,10),(9,14),(11,13),(12,17),(15,20),(16,18),(19,21),(27,28)]  # out=6059
[(0,29),(1,28),(2,27),(3,26),(4,25),(5,24),(6,23),(7,22),(8,9),(10,11),(12,13),(14,15),(16,17),(18,19),(20,21)],[(0,1),(2,3),(4,5),(6,7),(8,10),(9,11),(12,15),(13,16),(14,17),(18,20),(19,21),(22,23),(24,25),(26,27),(28,29)],[(0,2),(1,3),(4,6),(5,7),(8,18),(9,20),(10,19),(11,21),(12,17),(13,14),(15,16),(22,24),(23,25),(26,28),(27,29)],[(0,4),(1,5),(2,6),(3,7),(9,12),(10,13),(11,15),(14,18),(16,19),(17,20),(22,26),(23,27),(24,28),(25,29)],[(1,2),(3,26),(4,22),(5,24),(6,23),(7,25),(8,14),(9,10),(11,13),(12,17),(15,21),(16,18),(19,20),(27,28)]  # out=6059
[(0,29),(1,28),(2,27),(3,26),(4,25),(5,24),(6,23),(7,22),(8,9),(10,11),(12,17),(13,16),(14,15),(18,19),(20,21)],[(0,1),(2,3),(4,5),(6,7),(8,12),(9,20),(10,18),(11,19),(13,14),(15,16),(17,21),(22,23),(24,25),(26,27),(28,29)],[(0,2),(1,3),(4,6),(5,7),(8,9),(10,13),(11,14),(12,17),(15,18),(16,19),(20,21),(22,24),(23,25),(26,28),(27,29)],[(0,4),(1,5),(2,6),(3,7),(8,11),(9,13),(12,15),(14,17),(16,20),(18,21),(22,26),(23,27),(24,28),(25,29)],[(1,2),(3,26),(4,22),(5,24),(6,23),(7,25),(9,12),(11,18),(13,15),(14,16),(17,20),(27,28)]  # out=6059
[(0,1),(2,3),(4,5),(6,7),(8,9),(10,11),(12,17),(13,16),(14,15),(18,19),(20,21),(22,23),(24,25),(26,27),(28,29)],[(0,2),(1,3),(4,6),(5,7),(8,12),(9,20),(10,18),(11,19),(13,14),(15,16),(17,21),(22,24),(23,25),(26,28),(27,29)],[(0,4),(1,5),(2,6),(3,7),(8,9),(10,13),(11,14),(12,17),(15,18),(16,19),(20,21),(22,26),(23,27),(24,28),(25,29)],[(0,22),(1,23),(2,26),(3,27),(4,24),(5,25),(6,28),(7,29),(8,19),(9,12),(10,21),(11,13),(14,15),(16,18),(17,20)],[(1,22),(2,4),(3,24),(5,26),(6,23),(7,28),(8,10),(11,14),(12,17),(13,16),(15,18),(19,21),(25,27)]  # out=6059
[(0,1),(2,3),(4,5),(6,7),(8,9),(10,11),(12,17),(13,16),(14,15),(18,19),(20,21),(22,23),(24,25),(26,27),(28,29)],[(0,2),(1,3),(4,6),(5,7),(8,12),(9,20),(10,18),(11,19),(13,14),(15,16),(17,21),(22,24),(23,25),(26,28),(27,29)],[(0,4),(1,5),(2,6),(3,7),(8,9),(10,13),(11,14),(12,17),(15,18),(16,19),(20,21),(22,26),(23,27),(24,28),(25,29)],[(0,22),(1,23),(2,26),(3,27),(4,24),(5,25),(6,28),(7,29),(8,19),(9,12),(10,21),(11,13),(14,15),(16,18),(17,20)],[(1,22),(2,4),(3,24),(5,26),(6,23),(7,28),(8,14),(9,11),(12,13),(15,21),(16,17),(18,20),(25,27)]  # out=6059
[(0,1),(2,3),(4,5),(6,7),(8,9),(10,11),(12,17),(13,16),(14,15),(18,19),(20,21),(22,23),(24,25),(26,27),(28,29)],[(0,2),(1,3),(4,6),(5,7),(8,12),(9,20),(10,18),(11,19),(13,14),(15,16),(17,21),(22,24),(23,25),(26,28),(27,29)],[(0,4),(1,5),(2,6),(3,7),(8,9),(10,13),(11,14),(12,17),(15,18),(16,19),(20,21),(22,26),(23,27),(24,28),(25,29)],[(0,22),(1,23),(2,26),(3,27),(4,24),(5,25),(6,28),(7,29),(8,19),(9,12),(10,21),(11,13),(14,15),(16,18),(17,20)],[(1,22),(2,4),(3,24),(5,26),(6,23),(7,28),(9,10),(11,14),(12,17),(13,16),(15,18),(19,20),(25,27)]  # out=6059
[(0,1),(2,3),(4,5),(6,7),(8,9),(10,11),(12,17),(13,16),(14,15),(18,19),(20,21),(22,23),(24,25),(26,27),(28,29)],[(0,2),(1,3),(4,6),(5,7),(8,12),(9,20),(10,18),(11,19),(13,14),(15,16),(17,21),(22,24),(23,25),(26,28),(27,29)],[(0,4),(1,5),(2,6),(3,7),(8,9),(10,13),(11,14),(12,17),(15,18),(16,19),(20,21),(22,26),(23,27),(24,28),(25,29)],[(0,22),(1,23),(2,26),(3,27),(4,24),(5,25),(6,28),(7,29),(8,19),(9,12),(10,21),(11,13),(14,15),(16,18),(17,20)],[(1,22),(2,4),(3,24),(5,26),(6,23),(7,28),(9,19),(10,20),(11,14),(12,17),(13,16),(15,18),(25,27)]  # out=6059
[(0,1),(2,3),(4,5),(6,7),(8,9),(10,11),(12,17),(13,16),(14,15),(18,19),(20,21),(22,23),(24,25),(26,27),(28,29)],[(0,2),(1,3),(4,6),(5,7),(8,12),(9,20),(10,18),(11,19),(13,14),(15,16),(17,21),(22,24),(23,25),(26,28),(27,29)],[(0,4),(1,5),(2,6),(3,7),(8,9),(10,13),(11,14),(12,17),(15,18),(16,19),(20,21),(22,26),(23,27),(24,28),(25,29)],[(0,22),(1,23),(2,26),(3,27),(4,24),(5,25),(6,28),(7,29),(8,10),(9,12),(11,13),(14,15),(16,18),(17,20),(19,21)],[(1,22),(2,4),(3,24),(5,26),(6,23),(7,28),(9,10),(11,14),(12,17),(13,16),(15,18),(19,20),(25,27)]  # out=6059
[(0,1),(2,3),(4,5),(6,7),(8,9),(10,11),(12,17),(13,16),(14,15),(18,19),(20,21),(22,23),(24,25),(26,27),(28,29)],[(0,2),(1,3),(4,6),(5,7),(8,12),(9,20),(10,18),(11,19),(13,14),(15,16),(17,21),(22,24),(23,25),(26,28),(27,29)],[(0,4),(1,5),(2,6),(3,7),(8,9),(10,13),(11,14),(12,17),(15,18),(16,19),(20,21),(22,26),(23,27),(24,28),(25,29)],[(0,22),(1,23),(2,26),(3,27),(4,24),(5,25),(6,28),(7,29),(8,10),(9,12),(11,13),(14,15),(16,18),(17,20),(19,21)],[(1,22),(2,4),(3,24),(5,26),(6,23),(7,28),(9,14),(10,11),(12,13),(15,20),(16,17),(18,19),(25,27)]  # out=6059
[(0,1),(2,3),(4,5),(6,7),(8,9),(10,11),(12,17),(13,16),(14,15),(18,19),(20,21),(22,23),(24,25),(26,27),(28,29)],[(0,2),(1,3),(4,6),(5,7),(8,12),(9,20),(10,18),(11,19),(13,14),(15,16),(17,21),(22,24),(23,25),(26,28),(27,29)],[(0,4),(1,5),(2,6),(3,7),(8,9),(10,13),(11,14),(12,17),(15,18),(16,19),(20,21),(22,26),(23,27),(24,28),(25,29)],[(0,22),(1,23),(2,26),(3,27),(4,24),(5,25),(6,28),(7,29),(8,10),(9,12),(11,13),(14,15),(16,18),(17,20),(19,21)],[(1,22),(2,4),(3,24),(5,26),(6,23),(7,28),(9,19),(10,20),(11,14),(12,17),(13,16),(15,18),(25,27)]  # out=6059
[(0,1),(2,3),(4,5),(6,7),(8,9),(10,11),(12,17),(13,16),(14,15),(18,19),(20,21),(22,23),(24,25),(26,27),(28,29)],[(0,2),(1,3),(4,6),(5,7),(8,12),(9,20),(10,18),(11,19),(13,14),(15,16),(17,21),(22,24),(23,25),(26,28),(27,29)],[(0,4),(1,5),(2,6),(3,7),(8,9),(10,13),(11,14),(12,17),(15,18),(16,19),(20,21),(22,26),(23,27),(24,28),(25,29)],[(0,22),(1,23),(2,26),(3,27),(4,24),(5,25),(6,28),(7,29),(8,11),(9,12),(13,15),(14,16),(17,20),(18,21)],[(1,22),(2,4),(3,24),(5,26),(6,23),(7,28),(8,10),(9,13),(11,18),(12,17),(14,15),(16,20),(19,21),(25,27)]  # out=6059
[(0,1),(2,3),(4,5),(6,7),(8,9),(10,11),(12,17),(13,16),(14,15),(18,19),(20,21),(22,23),(24,25),(26,27),(28,29)],[(0,2),(1,3),(4,6),(5,7),(8,12),(9,20),(10,18),(11,19),(13,14),(15,16),(17,21),(22,24),(23,25),(26,28),(27,29)],[(0,4),(1,5),(2,6),(3,7),(8,9),(10,13),(11,14),(12,17),(15,18),(16,19),(20,21),(22,26),(23,27),(24,28),(25,29)],[(0,22),(1,23),(2,26),(3,27),(4,24),(5,25),(6,28),(7,29),(8,11),(9,12),(13,15),(14,16),(17,20),(18,21)],[(1,22),(2,4),(3,24),(5,26),(6,23),(7,28),(9,14),(11,13),(12,17),(15,20),(16,18),(25,27)]  # out=6059
[(0,1),(2,3),(4,5),(6,7),(8,9),(10,11),(12,13),(14,15),(16,17),(18,19),(20,21),(22,23),(24,25),(26,27),(28,29)],[(0,2),(1,3),(4,6),(5,7),(8,10),(9,11),(12,14),(13,16),(15,17),(18,20),(19,21),(22,24),(23,25),(26,28),(27,29)],[(0,4),(1,5),(2,6),(3,7),(8,18),(9,20),(10,19),(11,21),(12,13),(14,15),(16,17),(22,26),(23,27),(24,28),(25,29)],[(0,22),(1,23),(2,26),(3,27),(4,24),(5,25),(6,28),(7,29),(9,13),(10,14),(11,17),(12,18),(15,19),(16,20)],[(1,22),(2,4),(3,24),(5,26),(6,23),(7,28),(8,12),(9,10),(11,15),(13,16),(14,18),(17,21),(19,20),(25,27)]  # out=6059
[(0,1),(2,3),(4,5),(6,7),(8,9),(10,11),(12,13),(14,15),(16,17),(18,19),(20,21),(22,23),(24,25),(26,27),(28,29)],[(0,2),(1,3),(4,6),(5,7),(8,10),(9,11),(12,15),(13,16),(14,17),(18,20),(19,21),(22,24),(23,25),(26,28),(27,29)],[(0,4),(1,5),(2,6),(3,7),(8,18),(9,20),(10,19),(11,21),(12,17),(13,14),(15,16),(22,26),(23,27),(24,28),(25,29)],[(0,22),(1,23),(2,26),(3,27),(4,24),(5,25),(6,28),(7,29),(9,12),(10,13),(11,15),(14,18),(16,19),(17,20)],[(1,22),(2,4),(3,24),(5,26),(6,23),(7,28),(8,10),(9,14),(11,13),(12,17),(15,20),(16,18),(19,21),(25,27)]  # out=6059
[(0,1),(2,3),(4,5),(6,7),(8,9),(10,11),(12,13),(14,15),(16,17),(18,19),(20,21),(22,23),(24,25),(26,27),(28,29)],[(0,2),(1,3),(4,6),(5,7),(8,10),(9,11),(12,15),(13,16),(14,17),(18,20),(19,21),(22,24),(23,25),(26,28),(27,29)],[(0,4),(1,5),(2,6),(3,7),(8,18),(9,20),(10,19),(11,21),(12,17),(13,14),(15,16),(22,26),(23,27),(24,28),(25,29)],[(0,22),(1,23),(2,26),(3,27),(4,24),(5,25),(6,28),(7,29),(9,12),(10,13),(11,15),(14,18),(16,19),(17,20)],[(1,22),(2,4),(3,24),(5,26),(6,23),(7,28),(8,14),(9,10),(11,13),(12,17),(15,21),(16,18),(19,20),(25,27)]  # out=6059
[(0,1),(2,3),(4,5),(6,7),(8,9),(10,11),(12,17),(13,16),(14,15),(18,19),(20,21),(22,23),(24,25),(26,27),(28,29)],[(0,2),(1,3),(4,6),(5,7),(8,12),(9,20),(10,18),(11,19),(13,14),(15,16),(17,21),(22,24),(23,25),(26,28),(27,29)],[(0,4),(1,5),(2,6),(3,7),(8,9),(10,13),(11,14),(12,17),(15,18),(16,19),(20,21),(22,26),(23,27),(24,28),(25,29)],[(0,22),(1,23),(2,26),(3,27),(4,24),(5,25),(6,28),(7,29),(8,11),(9,13),(12,15),(14,17),(16,20),(18,21)],[(1,22),(2,4),(3,24),(5,26),(6,23),(7,28),(9,12),(11,18),(13,15),(14,16),(17,20),(25,27)]  # out=6059
