# n=30
[(0,29),(1,28),(2,27),(3,26),(4,25),(5,24),(6,23),(7,22),(8,9),(10,11),(12,17),(13,16),(14,15),(18,19),(20,21)],[(0,1),(2,3),(4,5),(6,7),(8,12),(9,20),(10,18),(11,19),(13,14),(15,16),(17,21),(22,23),(24,25),(26,27),(28,29)],[(0,2),(1,3),(4,6),(5,7),(8,9),(10,13),(11,18),(12,17),(14,15),(16,19),(20,21),(22,24),(23,25),(26,28),(27,29)],[(0,4),(1,5),(2,6),(3,7),(8,13),(9,11),(12,14),(15,17),(16,21),(18,20),(22,26),(23,27),(24,28),(25,29)],[(1,2),(3,26),(4,22),(5,24),(6,23),(7,25),(8,10),(9,12),(11,14),(13,16),(15,18),(17,20),(19,21),(27,28)]  # out=5478
[(0,1),(2,3),(4,5),(6,7),(8,9),(10,11),(12,17),(13,16),(14,15),(18,19),(20,21),(22,23),(24,25),(26,27),(28,29)],[(0,2),(1,3),(4,6),(5,7),(8,12),(9,20),(10,18),(11,19),(13,14),(15,16),(17,21),(22,24),(23,25),(26,28),(27,29)],[(0,4),(1,5),(2,6),(3,7),(8,9),(10,13),(11,18),(12,17),(14,15),(16,19),(20,21),(22,26),(23,27),(24,28),(25,29)],[(0,22),(1,23),(2,26),(3,27),(4,24),(5,25),(6,28),(7,29),(8,13),(9,11),(12,14),(15,17),(16,21),(18,20)],[(1,22),(2,4),(3,24),(5,26),(6,23),(7,28),(8,10),(9,12),(11,14),(13,16),(15,18),(17,20),(19,21),(25,27)]  # out=5478
[(0,29),(1,28),(2,27),(3,26),(4,25),(5,24),(6,23),(7,22),(8,9),(10,11),(12,17),(13,16),(14,15),(18,19),(20,21)],[(0,1),(2,3),(4,5),(6,7),(8,12),(9,20),(10,18),(11,19),(13,14),(15,16),(17,21),(22,23),(24,25),(26,27),(28,29)],[(0,2),(1,3),(4,6),(5,7),(8,9),(10,13),(11,14),(12,17),(15,18),(16,19),(20,21),(22,24),(23,25),(26,28),(27,29)],[(0,4),(1,5),(2,6),(3,7),(8,11),(9,13),(12,15),(14,17),(16,20),(18,21),(22,26),(23,27),(24,28),(25,29)],[(1,2),(3,26),(4,22),(5,24),(6,23),(7,25),(8,10),(9,12),(11,18),(13,15),(14,16),(17,20),(19,21),(27,28)]  # out=5561
[(0,1),(2,3),(4,5),(6,7),(8,9),(10,11),(12,17),(13,16),(14,15),(18,19),(20,21),(22,23),(24,25),(26,27),(28,29)],[(0,2),(1,3),(4,6),(5,7),(8,12),(9,20),(10,18),(11,19),(13,14),(15,16),(17,21),(22,24),(23,25),(26,28),(27,29)],[(0,4),(1,5),(2,6),(3,7),(8,9),(10,13),(11,14),(12,17),(15,18),(16,19),(20,21),(22,26),(23,27),(24,28),(25,29)],[(0,22),(1,23),(2,26),(3,27),(4,24),(5,25),(6,28),(7,29),(8,11),(9,13),(12,15),(14,17),(16,20),(18,21)],[(1,22),(2,4),(3,24),(5,26),(6,23),(7,28),(8,10),(9,12),(11,18),(13,15),(14,16),(17,20),(19,21),(25,27)]  # out=5561
[(0,29),(1,28),(2,27),(3,26),(4,25),(5,24),(6,23),(7,22),(8,9),(10,11),(12,13),(14,15),(16,17),(18,19),(20,21)],[(0,1),(2,3),(4,5),(6,7),(8,10),(9,11),(12,14),(13,16),(15,17),(18,20),(19,21),(22,23),(24,25),(26,27),(28,29)],[(0,2),(1,3),(4,6),(5,7),(8,18),(9,20),(10,19),(11,21),(12,13),(14,15),(16,17),(22,24),(23,25),(26,28),(27,29)],[(0,4),(1,5),(2,6),(3,7),(8,12),(9,13),(10,14),(11,18),(15,19),(16,20),(17,21),(22,26),(23,27),(24,28),(25,29)],[(1,2),(3,26),(4,22),(5,24),(6,23),(7,25),(9,10),(11,12),(13,14),(15,16),(17,18),(19,20),(27,28)]  # out=5727
[(0,29),(1,28),(2,27),(3,26),(4,25),(5,24),(6,23),(7,22),(8,9),(10,11),(12,13),(14,15),(16,17),(18,19),(20,21)],[(0,1),(2,3),(4,5),(6,7),(8,10),(9,11),(12,14),(13,16),(15,17),(18,20),(19,21),(22,23),(24,25),(26,27),(28,29)],[(0,2),(1,3),(4,6),(5,7),(8,18),(9,10),(11,21),(12,13),(14,15),(16,17),(19,20),(22,24),(23,25),(26,28),(27,29)],[(0,4),(1,5),(2,6),(3,7),(9,13),(10,15),(11,17),(12,18),(14,19),(16,20),(22,26),(23,27),(24,28),(25,29)],[(1,2),(3,26),(4,22),(5,24),(6,23),(7,25),(8,12),(9,14),(10,16),(11,18),(13,19),(15,20),(17,21),(27,28)]  # out=5727
[(0,1),(2,3),(4,5),(6,7),(8,9),(10,11),(12,13),(14,15),(16,17),(18,19),(20,21),(22,23),(24,25),(26,27),(28,29)],[(0,2),(1,3),(4,6),(5,7),(8,10),(9,11),(12,14),(13,16),(15,17),(18,20),(19,21),(22,24),(23,25),(26,28),(27,29)],[(0,4),(1,5),(2,6),(3,7),(8,18),(9,20),(10,19),(11,21),(12,13),(14,15),(16,17),(22,26),(23,27),(24,28),(25,29)],[(0,22),(1,23),(2,26),(3,27),(4,24),(5,25),(6,28),(7,29),(8,12),(9,13),(10,14),(11,18),(15,19),(16,20),(17,21)],[(1,22),(2,4),(3,24),(5,26),(6,23),(7,28),(9,10),(11,12),(13,14),(15,16),(17,18),(19,20),(25,27)]  # out=5727
[(0,1),(2,3),(4,5),(6,7),(8,9),(10,11),(12,13),(14,15),(16,17),(18,19),(20,21),(22,23),(24,25),(26,27),(28,29)],[(0,2),(1,3),(4,6),(5,7),(8,10),(9,11),(12,14),(13,16),(15,17),(18,20),(19,21),(22,24),(23,25),(26,28),(27,29)],[(0,4),(1,5),(2,6),(3,7),(8,18),(9,10),(11,21),(12,13),(14,15),(16,17),(19,20),(22,26),(23,27),(24,28),(25,29)],[(0,22),(1,23),(2,26),(3,27),(4,24),(5,25),(6,28),(7,29),(9,13),(10,15),(11,17),(12,18),(14,19),(16,20)],[(1,22),(2,4),(3,24),(5,26),(6,23),(7,28),(8,12),(9,14),(10,16),(11,18),(13,19),(15,20),(17,21),(25,27)]  # out=5727
[(0,29),(1,28),(2,27),(3,26),(4,25),(5,24),(6,23),(7,22),(8,9),(10,11),(12,13),(14,15),(16,17),(18,19),(20,21)],[(0,1),(2,3),(4,5),(6,7),(8,10),(9,11),(12,14),(13,16),(15,17),(18,20),(19,21),(22,23),(24,25),(26,27),(28,29)],[(0,2),(1,3),(4,6),(5,7),(8,18),(9,20),(10,19),(11,21),(12,13),(14,15),(16,17),(22,24),(23,25),(26,28),(27,29)],[(0,4),(1,5),(2,6),(3,7),(9,12),(10,18),(11,19),(13,14),(15,16),(17,20),(22,26),(23,27),(24,28),(25,29)],[(1,2),(3,26),(4,22),(5,24),(6,23),(7,25),(8,9),(10,13),(11,14),(12,17),(15,18),(16,19),(20,21),(27,28)]  # out=5810
[(0,29),(1,28),(2,27),(3,26),(4,25),(5,24),(6,23),(7,22),(8,9),(10,11),(12,13),(14,15),(16,17),(18,19),(20,21)],[(0,1),(2,3),(4,5),(6,7),(8,10),(9,11),(12,14),(13,16),(15,17),(18,20),(19,21),(22,23),(24,25),(26,27),(28,29)],[(0,2),(1,3),(4,6),(5,7),(8,18),(9,20),(10,19),(11,21),(12,13),(14,15),(16,17),(22,24),(23,25),(26,28),(27,29)],[(0,4),(1,5),(2,6),(3,7),(9,13),(10,14),(11,17),(12,18),(15,19),(16,20),(22,26),(23,27),(24,28),(25,29)],[(1,2),(3,26),(4,22),(5,24),(6,23),(7,25),(8,12),(9,10),(11,18),(13,15),(14,16),(17,21),(19,20),(27,28)]  # out=5810
[(0,29),(1,28),(2,27),(3,26),(4,25),(5,24),(6,23),(7,22),(8,9),(10,11),(12,17),(13,16),(14,15),(18,19),(20,21)],[(0,1),(2,3),(4,5),(6,7),(8,12),(9,20),(10,18),(11,19),(13,14),(15,16),(17,21),(22,23),(24,25),(26,27),(28,29)],[(0,2),(1,3),(4,6),(5,7),(8,9),(10,13),(11,14),(12,17),(15,18),(16,19),(20,21),(22,24),(23,25),(26,28),(27,29)],[(0,4),(1,5),(2,6),(3,7),(8,10),(9,11),(12,13),(14,15),(16,17),(18,20),(19,21),(22,26),(23,27),(24,28),(25,29)],[(1,2),(3,26),(4,22),(5,24),(6,23),(7,25),(9,12),(10,14),(11,13),(15,19),(16,18),(17,20),(27,28)]  # out=5810
[(0,1),(2,3),(4,5),(6,7),(8,9),(10,11),(12,13),(14,15),(16,17),(18,19),(20,21),(22,23),(24,25),(26,27),(28,29)],[(0,2),(1,3),(4,6),(5,7),(8,10),(9,11),(12,14),(13,16),(15,17),(18,20),(19,21),(22,24),(23,25),(26,28),(27,29)],[(0,4),(1,5),(2,6),(3,7),(8,18),(9,20),(10,19),(11,21),(12,13),(14,15),(16,17),(22,26),(23,27),(24,28),(25,29)],[(0,22),(1,23),(2,26),(3,27),(4,24),(5,25),(6,28),(7,29),(9,12),(10,18),(11,19),(13,14),(15,16),(17,20)],[(1,22),(2,4),(3,24),(5,26),(6,23),(7,28),(8,9),(10,13),(11,14),(12,17),(15,18),(16,19),(20,21),(25,27)]  # out=5810
[(0,1),(2,3),(4,5),(6,7),(8,9),(10,11),(12,13),(14,15),(16,17),(18,19),(20,21),(22,23),(24,25),(26,27),(28,29)],[(0,2),(1,3),(4,6),(5,7),(8,10),(9,11),(12,14),(13,16),(15,17),(18,20),(19,21),(22,24),(23,25),(26,28),(27,29)],[(0,4),(1,5),(2,6),(3,7),(8,18),(9,20),(10,19),(11,21),(12,13),(14,15),(16,17),(22,26),(23,27),(24,28),(25,29)],[(0,22),(1,23),(2,26),(3,27),(4,24),(5,25),(6,28),(7,29),(9,13),(10,14),(11,17),(12,18),(15,19),(16,20)],[(1,22),(2,4),(3,24),(5,26),(6,23),(7,28),(8,12),(9,10),(11,18),(13,15),(14,16),(17,21),(19,20),(25,27)]  # out=5810
[(0,1),(2,3),(4,5),(6,7),(8,9),(10,11),(12,17),(13,16),(14,15),(18,19),(20,21),(22,23),(24,25),(26,27),(28,29)],[(0,2),(1,3),(4,6),(5,7),(8,12),(9,20),(10,18),(11,19),(13,14),(15,16),(17,21),(22,24),(23,25),(26,28),(27,29)],[(0,4),(1,5),(2,6),(3,7),(8,9),(10,13),(11,14),(12,17),(15,18),(16,19),(20,21),(22,26),(23,27),(24,28),(25,29)],[(0,22),(1,23),(2,26),(3,27),(4,24),(5,25),(6,28),(7,29),(8,10),(9,11),(12,13),(14,15),(16,17),(18,20),(19,21)],[(1,22),(2,4),(3,24),(5,26),(6,23),(7,28),(9,12),(10,14),(11,13),(15,19),(16,18),(17,20),(25,27)]  # out=5810
[(0,29),(1,28),(2,27),(3,26),(4,25),(5,24),(6,23),(7,22),(8,9),(10,11),(12,13),(14,15),(16,17),(18,19),(20,21)],[(0,1),(2,3),(4,5),(6,7),(8,10),(9,11),(12,14),(13,16),(15,17),(18,20),(19,21),(22,23),(24,25),(26,27),(28,29)],[(0,2),(1,3),(4,6),(5,7),(8,18),(9,20),(10,19),(11,21),(12,13),(14,15),(16,17),(22,24),(23,25),(26,28),(27,29)],[(0,4),(1,5),(2,6),(3,7),(9,12),(10,13),(11,15),(14,18),(16,19),(17,20),(22,26),(23,27),(24,28),(25,29)],[(1,2),(3,26),(4,22),(5,24),(6,23),(7,25),(8,9),(10,14),(11,16),(12,17),(13,18),(15,19),(20,21),(27,28)]  # out=5893
[(0,29),(1,28),(2,27),(3,26),(4,25),(5,24),(6,23),(7,22),(8,9),(10,11),(12,17),(13,16),(14,15),(18,19),(20,21)],[(0,1),(2,3),(4,5),(6,7),(8,12),(9,20),(10,18),(11,19),(13,14),(15,16),(17,21),(22,23),(24,25),(26,27),(28,29)],[(0,2),(1,3),(4,6),(5,7),(8,9),(10,13),(11,14),(12,17),(15,18),(16,19),(20,21),(22,24),(23,25),(26,28),(27,29)],[(0,4),(1,5),(2,6),(3,7),(8,11),(9,12),(13,15),(14,16),(17,20),(18,21),(22,26),(23,27),(24,28),(25,29)],[(1,2),(3,26),(4,22),(5,24),(6,23),(7,25),(8,10),(9,14),(11,13),(12,17),(15,20),(16,18),(19,21),(27,28)]  # out=5893
[(0,29),(1,28),(2,27),(3,26),(4,25),(5,24),(6,23),(7,22),(8,9),(10,11),(12,13),(14,15),(16,17),(18,19),(20,21)],[(0,1),(2,3),(4,5),(6,7),(8,10),(9,11),(12,14),(13,16),(15,17),(18,20),(19,21),(22,23),(24,25),(26,27),(28,29)],[(0,2),(1,3),(4,6),(5,7),(8,18),(9,20),(10,19),(11,21),(12,13),(14,15),(16,17),(22,24),(23,25),(26,28),(27,29)],[(0,4),(1,5),(2,6),(3,7),(9,13),(10,14),(11,17),(12,18),(15,19),(16,20),(22,26),(23,27),(24,28),(25,29)],[(1,2),(3,26),(4,22),(5,24),(6,23),(7,25),(8,9),(10,12),(11,13),(14,15),(16,18),(17,19),(20,21),(27,28)]  # out=5893
[(0,29),(1,28),(2,27),(3,26),(4,25),(5,24),(6,23),(7,22),(8,9),(10,11),(12,13),(14,15),(16,17),(18,19),(20,21)],[(0,1),(2,3),(4,5),(6,7),(8,10),(9,11),(12,15),(13,16),(14,17),(18,20),(19,21),(22,23),(24,25),(26,27),(28,29)],[(0,2),(1,3),(4,6),(5,7),(8,18),(9,20),(10,19),(11,21),(12,17),(13,14),(15,16),(22,24),(23,25),(26,28),(27,29)],[(0,4),(1,5),(2,6),(3,7),(9,12),(10,13),(11,15),(14,18),(16,19),(17,20),(22,26),(23,27),(24,28),(25,29)],[(1,2),(3,26),(4,22),(5,24),(6,23),(7,25),(8,9),(10,14),(11,13),(12,17),(15,19),(16,18),(20,21),(27,28)]  # out=5893
[(0,1),(2,3),(4,5),(6,7),(8,9),(10,11),(12,13),(14,15),(16,17),(18,19),(20,21),(22,23),(24,25),(26,27),(28,29)],[(0,2),(1,3),(4,6),(5,7),(8,10),(9,11),(12,14),(13,16),(15,17),(18,20),(19,21),(22,24),(23,25),(26,28),(27,29)],[(0,4),(1,5),(2,6),(3,7),(8,18),(9,20),(10,19),(11,21),(12,13),(14,15),(16,17),(22,26),(23,27),(24,28),(25,29)],[(0,22),(1,23),(2,26),(3,27),(4,24),(5,25),(6,28),(7,29),(9,12),(10,13),(11,15),(14,18),(16,19),(17,20)],[(1,22),(2,4),(3,24),(5,26),(6,23),(7,28),(8,9),(10,14),(11,16),(12,17),(13,18),(15,19),(20,21),(25,27)]  # out=5893
[(0,1),(2,3),(4,5),(6,7),(8,9),(10,11),(12,17),(13,16),(14,15),(18,19),(20,21),(22,23),(24,25),(26,27),(28,29)],[(0,2),(1,3),(4,6),(5,7),(8,12),(9,20),(10,18),(11,19),(13,14),(15,16),(17,21),(22,24),(23,25),(26,28),(27,29)],[(0,4),(1,5),(2,6),(3,7),(8,9),(10,13),(11,14),(12,17),(15,18),(16,19),(20,21),(22,26),(23,27),(24,28),(25,29)],[(0,22),(1,23),(2,26),(3,27),(4,24),(5,25),(6,28),(7,29),(8,11),(9,12),(13,15),(14,16),(17,20),(18,21)],[(1,22),(2,4),(3,24),(5,26),(6,23),(7,28),(8,10),(9,14),(11,13),(12,17),(15,20),(16,18),(19,21),(25,27)]  # out=5893
[(0,1),(2,3),(4,5),(6,7),(8,9),(10,11),(12,13),(14,15),(16,17),(18,19),(20,21),(22,23),(24,25),(26,27),(28,29)],[(0,2),(1,3),(4,6),(5,7),(8,10),(9,11),(12,14),(13,16),(15,17),(18,20),(19,21),(22,24),(23,25),(26,28),(27,29)],[(0,4),(1,5),(2,6),(3,7),(8,18),(9,20),(10,19),(11,21),(12,13),(14,15),(16,17),(22,26),(23,27),(24,28),(25,29)],[(0,22),(1,23),(2,26),(3,27),(4,24),(5,25),(6,28),(7,29),(9,13),(10,14),(11,17),(12,18),(15,19),(16,20)],[(1,22),(2,4),(3,24),(5,26),(6,23),(7,28),(8,9),(10,12),(11,13),(14,15),(16,18),(17,19),(20,21),(25,27)]  # out=5893
[(0,1),(2,3),(4,5),(6,7),(8,9),(10,11),(12,13),(14,15),(16,17),(18,19),(20,21),(22,23),(24,25),(26,27),(28,29)],[(0,2),(1,3),(4,6),(5,7),(8,10),(9,11),(12,15),(13,16),(14,17),(18,20),(19,21),(22,24),(23,25),(26,28),(27,29)],[(0,4),(1,5),(2,6),(3,7),(8,18),(9,20),(10,19),(11,21),(12,17),(13,14),(15,16),(22,26),(23,27),(24,28),(25,29)],[(0,22),(1,23),(2,26),(3,27),(4,24),(5,25),(6,28),(7,29),(9,12),(10,13),(11,15),(14,18),(16,19),(17,20)],[(1,22),(2,4),(3,24),(5,26),(6,23),(7,28),(8,9),(10,14),(11,13),(12,17),(15,19),(16,18),(20,21),(25,27)]  # out=5893
[(0,29),(1,28),(2,27),(3,26),(4,25),(5,24),(6,23),(7,22),(8,9),(10,11),(12,17),(13,16),(14,15),(18,19),(20,21)],[(0,1),(2,3),(4,5),(6,7),(8,12),(9,20),(10,18),(11,19),(13,14),(15,16),(17,21),(22,23),(24,25),(26,27),(28,29)],[(0,2),(1,3),(4,6),(5,7),(8,9),(10,13),(11,14),(12,17),(15,18),(16,19),(20,21),(22,24),(23,25),(26,28),(27,29)],[(0,4),(1,5),(2,6),(3,7),(8,14),(9,12),(11,13),(15,21),(16,18),(17,20),(22,26),(23,27),(24,28),(25,29)],[(1,2),(3,26),(4,22),(5,24),(6,23),(7,25),(8,10),(9,11),(12,17),(13,15),(14,16),(18,20),(19,21),(27,28)]  # out=5976
[(0,29),(1,28),(2,27),(3,26),(4,25),(5,24),(6,23),(7,22),(8,9),(10,11),(12,17),(13,16),(14,15),(18,19),(20,21)],[(0,1),(2,3),(4,5),(6,7),(8,12),(9,20),(10,18),(11,19),(13,14),(15,16),(17,21),(22,23),(24,25),(26,27),(28,29)],[(0,2),(1,3),(4,6),(5,7),(8,9),(10,13),(11,14),(12,17),(15,18),(16,19),(20,21),(22,24),(23,25),(26,28),(27,29)],[(0,4),(1,5),(2,6),(3,7),(8,14),(9,12),(11,13),(15,21),(16,18),(17,20),(22,26),(23,27),(24,28),(25,29)],[(1,2),(3,26),(4,22),(5,24),(6,23),(7,25),(8,11),(9,19),(10,20),(12,17),(13,15),(14,16),(18,21),(27,28)]  # out=5976
[(0,29),(1,28),(2,27),(3,26),(4,25),(5,24),(6,23),(7,22),(8,9),(10,11),(12,17),(13,16),(14,15),(18,19),(20,21)],[(0,1),(2,3),(4,5),(6,7),(8,12),(9,20),(10,18),(11,19),(13,14),(15,16),(17,21),(22,23),(24,25),(26,27),(28,29)],[(0,2),(1,3),(4,6),(5,7),(8,9),(10,13),(11,18),(12,17),(14,15),(16,19),(20,21),(22,24),(23,25),(26,28),(27,29)],[(0,4),(1,5),(2,6),(3,7),(8,13),(9,11),(12,14),(15,17),(16,21),(18,20),(22,26),(23,27),(24,28),(25,29)],[(1,2),(3,26),(4,22),(5,24),(6,23),(7,25),(9,12),(11,14),(13,16),(15,18),(17,20),(27,28)]  # out=5976
[(0,29),(1,28),(2,27),(3,26),(4,25),(5,24),(6,23),(7,22),(8,9),(10,11),(12,17),(13,16),(14,15),(18,19),(20,21)],[(0,1),(2,3),(4,5),(6,7),(8,12),(9,20),(10,18),(11,19),(13,14),(15,16),(17,21),(22,23),(24,25),(26,27),(28,29)],[(0,2),(1,3),(4,6),(5,7),(8,9),(10,13),(11,14),(12,17),(15,18),(16,19),(20,21),(22,24),(23,25),(26,28),(27,29)],[(0,4),(1,5),(2,6),(3,7),(8,11),(9,12),(13,15),(14,16),(17,20),(18,21),(22,26),(23,27),(24,28),(25,29)],[(1,2),(3,26),(4,22),(5,24),(6,23),(7,25),(8,10),(9,13),(11,15),(12,17),(14,18),(16,20),(19,21),(27,28)]  # out=5976
[(0,29),(1,28),(2,27),(3,26),(4,25),(5,24),(6,23),(7,22),(8,9),(10,11),(12,17),(13,16),(14,15),(18,19),(20,21)],[(0,1),(2,3),(4,5),(6,7),(8,12),(9,20),(10,18),(11,19),(13,14),(15,16),(17,21),(22,23),(24,25),(26,27),(28,29)],[(0,2),(1,3),(4,6),(5,7),(8,9),(10,13),(11,14),(12,17),(15,18),(16,19),(20,21),(22,24),(23,25),(26,28),(27,29)],[(0,4),(1,5),(2,6),(3,7),(8,11),(9,12),(13,15),(14,16),(17,20),(18,21),(22,26),(23,27),(24,28),(25,29)],[(1,2),(3,26),(4,22),(5,24),(6,23),(7,25),(8,10),(9,16),(11,15),(12,17),(13,20),(14,18),(19,21),(27,28)]  # out=5976
[(0,29),(1,28),(2,27),(3,26),(4,25),(5,24),(6,23),(7,22),(8,9),(10,11),(12,17),(13,16),(14,15),(18,19),(20,21)],[(0,1),(2,3),(4,5),(6,7),(8,12),(9,20),(10,18),(11,19),(13,14),(15,16),(17,21),(22,23),(24,25),(26,27),(28,29)],[(0,2),(1,3),(4,6),(5,7),(8,9),(10,13),(11,14),(12,17),(15,18),(16,19),(20,21),(22,24),(23,25),(26,28),(27,29)],[(0,4),(1,5),(2,6),(3,7),(8,10),(9,14),(11,17),(12,18),(13,16),(15,20),(19,21),(22,26),(23,27),(24,28),(25,29)],[(1,2),(3,26),(4,22),(5,24),(6,23),(7,25),(9,11),(10,15),(12,13),(14,19),(16,17),(18,20),(27,28)]  # out=5976
[(0,29),(1,28),(2,27),(3,26),(4,25),(5,24),(6,23),(7,22),(8,9),(10,11),(12,13),(14,15),(16,17),(18,19),(20,21)],[(0,1),(2,3),(4,5),(6,7),(8,10),(9,12),(11,14),(13,16),(15,18),(17,20),(19,21),(22,23),(24,25),(26,27),(28,29)],[(0,2),(1,3),(4,6),(5,7),(8,17),(9,15),(10,19),(11,13),(12,21),(14,20),(16,18),(22,24),(23,25),(26,28),(27,29)],[(0,4),(1,5),(2,6),(3,7),(8,9),(10,13),(12,14),(15,17),(16,19),(20,21),(22,26),(23,27),(24,28),(25,29)],[(1,2),(3,26),(4,22),(5,24),(6,23),(7,25),(9,11),(10,15),(12,16),(13,17),(14,19),(18,20),(27,28)]  # out=5976
[(0,29),(1,28),(2,27),(3,26),(4,25),(5,24),(6,23),(7,22),(8,9),(10,11),(12,13),(14,15),(16,17),(18,19),(20,21)],[(0,1),(2,3),(4,5),(6,7),(8,10),(9,11),(12,14),(13,16),(15,17),(18,20),(19,21),(22,23),(24,25),(26,27),(28,29)],[(0,2),(1,3),(4,6),(5,7),(8,18),(9,10),(11,21),(12,13),(14,15),(16,17),(19,20),(22,24),(23,25),(26,28),(27,29)],[(0,4),(1,5),(2,6),(3,7),(8,12),(9,13),(10,15),(11,18),(14,19),(16,20),(17,21),(22,26),(23,27),(24,28),(25,29)],[(1,2),(3,26),(4,22),(5,24),(6,23),(7,25),(9,14),(10,16),(11,12),(13,19),(15,20),(17,18),(27,28)]  # out=5976
[(0,1),(2,3),(4,5),(6,7),(8,9),(10,11),(12,17),(13,16),(14,15),(18,19),(20,21),(22,23),(24,25),(26,27),(28,29)],[(0,2),(1,3),(4,6),(5,7),(8,12),(9,20),(10,18),(11,19),(13,14),(15,16),(17,21),(22,24),(23,25),(26,28),(27,29)],[(0,4),(1,5),(2,6),(3,7),(8,9),(10,13),(11,14),(12,17),(15,18),(16,19),(20,21),(22,26),(23,27),(24,28),(25,29)],[(0,22),(1,23),(2,26),(3,27),(4,24),(5,25),(6,28),(7,29),(8,14),(9,12),(11,13),(15,21),(16,18),(17,20)],[(1,22),(2,4),(3,24),(5,26),(6,23),(7,28),(8,10),(9,11),(12,17),(13,15),(14,16),(18,20),(19,21),(25,27)]  # out=5976
[(0,1),(2,3),(4,5),(6,7),(8,9),(10,11),(12,17),(13,16),(14,15),(18,19),(20,21),(22,23),(24,25),(26,27),(28,29)],[(0,2),(1,3),(4,6),(5,7),(8,12),(9,20),(10,18),(11,19),(13,14),(15,16),(17,21),(22,24),(23,25),(26,28),(27,29)],[(0,4),(1,5),(2,6),(3,7),(8,9),(10,13),(11,14),(12,17),(15,18),(16,19),(20,21),(22,26),(23,27),(24,28),(25,29)],[(0,22),(1,23),(2,26),(3,27),(4,24),(5,25),(6,28),(7,29),(8,14),(9,12),(11,13),(15,21),(16,18),(17,20)],[(1,22),(2,4),(3,24),(5,26),(6,23),(7,28),(8,11),(9,19),(10,20),(12,17),(13,15),(14,16),(18,21),(25,27)]  # out=5976
[(0,1),(2,3),(4,5),(6,7),(8,9),(10,11),(12,17),(13,16),(14,15),(18,19),(20,21),(22,23),(24,25),(26,27),(28,29)],[(0,2),(1,3),(4,6),(5,7),(8,12),(9,20),(10,18),(11,19),(13,14),(15,16),(17,21),(22,24),(23,25),(26,28),(27,29)],[(0,4),(1,5),(2,6),(3,7),(8,9),(10,13),(11,18),(12,17),(14,15),(16,19),(20,21),(22,26),(23,27),(24,28),(25,29)],[(0,22),(1,23),(2,26),(3,27),(4,24),(5,25),(6,28),(7,29),(8,13),(9,11),(12,14),(15,17),(16,21),(18,20)],[(1,22),(2,4),(3,24),(5,26),(6,23),(7,28),(9,12),(11,14),(13,16),(15,18),(17,20),(25,27)]  # out=5976
[(0,1),(2,3),(4,5),(6,7),(8,9),(10,11),(12,17),(13,16),(14,15),(18,19),(20,21),(22,23),(24,25),(26,27),(28,29)],[(0,2),(1,3),(4,6),(5,7),(8,12),(9,20),(10,18),(11,19),(13,14),(15,16),(17,21),(22,24),(23,25),(26,28),(27,29)],[(0,4),(1,5),(2,6),(3,7),(8,9),(10,13),(11,14),(12,17),(15,18),(16,19),(20,21),(22,26),(23,27),(24,28),(25,29)],[(0,22),(1,23),(2,26),(3,27),(4,24),(5,25),(6,28),(7,29),(8,11),(9,12),(13,15),(14,16),(17,20),(18,21)],[(1,22),(2,4),(3,24),(5,26),(6,23),(7,28),(8,10),(9,13),(11,15),(12,17),(14,18),(16,20),(19,21),(25,27)]  # out=5976
[(0,1),(2,3),(4,5),(6,7),(8,9),(10,11),(12,17),(13,16),(14,15),(18,19),(20,21),(22,23),(24,25),(26,27),(28,29)],[(0,2),(1,3),(4,6),(5,7),(8,12),(9,20),(10,18),(11,19),(13,14),(15,16),(17,21),(22,24),(23,25),(26,28),(27,29)],[(0,4),(1,5),(2,6),(3,7),(8,9),(10,13),(11,14),(12,17),(15,18),(16,19),(20,21),(22,26),(23,27),(24,28),(25,29)],[(0,22),(1,23),(2,26),(3,27),(4,24),(5,25),(6,28),(7,29),(8,11),(9,12),(13,15),(14,16),(17,20),(18,21)],[(1,22),(2,4),(3,24),(5,26),(6,23),(7,28),(8,10),(9,16),(11,15),(12,17),(13,20),(14,18),(19,21),(25,27)]  # out=5976
[(0,1),(2,3),(4,5),(6,7),(8,9),(10,11),(12,17),(13,16),(14,15),(18,19),(20,21),(22,23),(24,25),(26,27),(28,29)],[(0,2),(1,3),(4,6),(5,7),(8,12),(9,20),(10,18),(11,19),(13,14),(15,16),(17,21),(22,24),(23,25),(26,28),(27,29)],[(0,4),(1,5),(2,6),(3,7),(8,9),(10,13),(11,14),(12,17),(15,18),(16,19),(20,21),(22,26),(23,27),(24,28),(25,29)],[(0,22),(1,23),(2,26),(3,27),(4,24),(5,25),(6,28),(7,29),(8,10),(9,14),(11,17),(12,18),(13,16),(15,20),(19,21)],[(1,22),(2,4),(3,24),(5,26),(6,23),(7,28),(9,11),(10,15),(12,13),(14,19),(16,17),(18,20),(25,27)]  # out=5976
[(0,1),(2,3),(4,5),(6,7),(8,9),(10,11),(12,13),(14,15),(16,17),(18,19),(20,21),(22,23),(24,25),(26,27),(28,29)],[(0,2),(1,3),(4,6),(5,7),(8,10),(9,12),(11,14),(13,16),(15,18),(17,20),(19,21),(22,24),(23,25),(26,28),(27,29)],[(0,4),(1,5),(2,6),(3,7),(8,17),(9,15),(10,19),(11,13),(12,21),(14,20),(16,18),(22,26),(23,27),(24,28),(25,29)],[(0,22),(1,23),(2,26),(3,27),(4,24),(5,25),(6,28),(7,29),(8,9),(10,13),(12,14),(15,17),(16,19),(20,21)],[(1,22),(2,4),(3,24),(5,26),(6,23),(7,28),(9,11),(10,15),(12,16),(13,17),(14,19),(18,20),(25,27)]  # out=5976
[(0,1),(2,3),(4,5),(6,7),(8,9),(10,11),(12,13),(14,15),(16,17),(18,19),(20,21),(22,23),(24,25),(26,27),(28,29)],[(0,2),(1,3),(4,6),(5,7),(8,10),(9,11),(12,14),(13,16),(15,17),(18,20),(19,21),(22,24),(23,25),(26,28),(27,29)],[(0,4),(1,5),(2,6),(3,7),(8,18),(9,10),(11,21),(12,13),(14,15),(16,17),(19,20),(22,26),(23,27),(24,28),(25,29)],[(0,22),(1,23),(2,26),(3,27),(4,24),(5,25),(6,28),(7,29),(8,12),(9,13),(10,15),(11,18),(14,19),(16,20),(17,21)],[(1,22),(2,4),(3,24),(5,26),(6,23),(7,28),(9,14),(10,16),(11,12),(13,19),(15,20),(17,18),(25,27)]  # out=5976
[(0,29),(1,28),(2,27),(3,26),(4,25),(5,24),(6,23),(7,22),(8,9),(10,11),(12,17),(13,16),(14,15),(18,19),(20,21)],[(0,1),(2,3),(4,5),(6,7),(8,12),(9,20),(10,18),(11,19),(13,14),(15,16),(17,21),(22,23),(24,25),(26,27),(28,29)],[(0,2),(1,3),(4,6),(5,7),(8,9),(10,13),(11,14),(12,17),(15,18),(16,19),(20,21),(22,24),(23,25),(26,28),(27,29)],[(0,4),(1,5),(2,6),(3,7),(8,19),(9,12),(10,21),(11,13),(14,15),(16,18),(17,20),(22,26),(23,27),(24,28),(25,29)],[(1,2),(3,26),(4,22),(5,24),(6,23),(7,25),(8,10),(11,14),(12,17),(13,16),(15,18),(19,21),(27,28)]  # out=6059
[(0,29),(1,28),(2,27),(3,26),(4,25),(5,24),(6,23),(7,22),(8,9),(10,11),(12,17),(13,16),(14,15),(18,19),(20,21)],[(0,1),(2,3),(4,5),(6,7),(8,12),(9,20),(10,18),(11,19),(13,14),(15,16),(17,21),(22,23),(24,25),(26,27),(28,29)],[(0,2),(1,3),(4,6),(5,7),(8,9),(10,13),(11,14),(12,17),(15,18),(16,19),(20,21),(22,24),(23,25),(26,28),(27,29)],[(0,4),(1,5),(2,6),(3,7),(8,19),(9,12),(10,21),(11,13),(14,15),(16,18),(17,20),(22,26),(23,27),(24,28),(25,29)],[(1,2),(3,26),(4,22),(5,24),(6,23),(7,25),(8,14),(9,11),(12,13),(15,21),(16,17),(18,20),(27,28)]  # out=6059
[(0,29),(1,28),(2,27),(3,26),(4,25),(5,24),(6,23),(7,22),(8,9),(10,11),(12,17),(13,16),(14,15),(18,19),(20,21)],[(0,1),(2,3),(4,5),(6,7),(8,12),(9,20),(10,18),(11,19),(13,14),(15,16),(17,21),(22,23),(24,25),(26,27),(28,29)],[(0,2),(1,3),(4,6),(5,7),(8,9),(10,13),(11,14),(12,17),(15,18),(16,19),(20,21),(22,24),(23,25),(26,28),(27,29)],[(0,4),(1,5),(2,6),(3,7),(8,19),(9,12),(10,21),(11,13),(14,15),(16,18),(17,20),(22,26),(23,27),(24,28),(25,29)],[(1,2),(3,26),(4,22),(5,24),(6,23),(7,25),(9,10),(11,14),(12,17),(13,16),(15,18),(19,20),(27,28)]  # out=6059
[(0,29),(1,28),(2,27),(3,26),(4,25),(5,24),(6,23),(7,22),(8,9),(10,11),(12,17),(13,16),(14,15),(18,19),(20,21)],[(0,1),(2,3),(4,5),(6,7),(8,12),(9,20),(10,18),(11,19),(13,14),(15,16),(17,21),(22,23),(24,25),(26,27),(28,29)],[(0,2),(1,3),(4,6),(5,7),(8,9),(10,13),(11,14),(12,17),(15,18),(16,19),(20,21),(22,24),(23,25),(26,28),(27,29)],[(0,4),(1,5),(2,6),(3,7),(8,19),(9,12),(10,21),(11,13),(14,15),(16,18),(17,20),(22,26),(23,27),(24,28),(25,29)],[(1,2),(3,26),(4,22),(5,24),(6,23),(7,25),(9,19),(10,20),(11,14),(12,17),(13,16),(15,18),(27,28)]  # out=6059
[(0,29),(1,28),(2,27),(3,26),(4,25),(5,24),(6,23),(7,22),(8,9),(10,11),(12,17),(13,16),(14,15),(18,19),(20,21)],[(0,1),(2,3),(4,5),(6,7),(8,12),(9,20),(10,18),(11,19),(13,14),(15,16),(17,21),(22,23),(24,25),(26,27),(28,29)],[(0,2),(1,3),(4,6),(5,7),(8,9),(10,13),(11,14),(12,17),(15,18),(16,19),(20,21),(22,24),(23,25),(26,28),(27,29)],[(0,4),(1,5),(2,6),(3,7),(8,10),(9,12),(11,13),(14,15),(16,18),(17,20),(19,21),(22,26),(23,27),(24,28),(25,29)],[(1,2),(3,26),(4,22),(5,24),(6,23),(7,25),(9,10),(11,14),(12,17),(13,16),(15,18),(19,20),(27,28)]  # out=6059
[(0,29),(1,28),(2,27),(3,26),(4,25),(5,24),(6,23),(7,22),(8,9),(10,11),(12,17),(13,16),(14,15),(18,19),(20,21)],[(0,1),(2,3),(4,5),(6,7),(8,12),(9,20),(10,18),(11,19),(13,14),(15,16),(17,21),(22,23),(24,25),(26,27),(28,29)],[(0,2),(1,3),(4,6),(5,7),(8,9),(10,13),(11,14),(12,17),(15,18),(16,19),(20,21),(22,24),(23,25),(26,28),(27,29)],[(0,4),(1,5),(2,6),(3,7),(8,10),(9,12),(11,13),(14,15),(16,18),(17,20),(19,21),(22,26),(23,27),(24,28),(25,29)],[(1,2),(3,26),(4,22),(5,24),(6,23),(7,25),(9,14),(10,11),(12,13),(15,20),(16,17),(18,19),(27,28)]  # out=6059
[(0,29),(1,28),(2,27),(3,26),(4,25),(5,24),(6,23),(7,22),(8,9),(10,11),(12,17),(13,16),(14,15),(18,19),(20,21)],[(0,1),(2,3),(4,5),(6,7),(8,12),(9,20),(10,18),(11,19),(13,14),(15,16),(17,21),(22,23),(24,25),(26,27),(28,29)],[(0,2),(1,3),(4,6),(5,7),(8,9),(10,13),(11,14),(12,17),(15,18),(16,19),(20,21),(22,24),(23,25),(26,28),(27,29)],[(0,4),(1,5),(2,6),(3,7),(8,10),(9,12),(11,13),(14,15),(16,18),(17,20),(19,21),(22,26),(23,27),(24,28),(25,29)],[(1,2),(3,26),(4,22),(5,24),(6,23),(7,25),(9,19),(10,20),(11,14),(12,17),(13,16),(15,18),(27,28)]  # out=6059
[(0,29),(1,28),(2,27),(3,26),(4,25),(5,24),(6,23),(7,22),(8,9),(10,11),(12,17),(13,16),(14,15),(18,19),(20,21)],[(0,1),(2,3),(4,5),(6,7),(8,12),(9,20),(10,18),(11,19),(13,14),(15,16),(17,21),(22,23),(24,25),(26,27),(28,29)],[(0,2),(1,3),(4,6),(5,7),(8,9),(10,13),(11,14),(12,17),(15,18),(16,19),(20,21),(22,24),(23,25),(26,28),(27,29)],[(0,4),(1,5),(2,6),(3,7),(8,11),(9,12),(13,15),(14,16),(17,20),(18,21),(22,26),(23,27),(24,28),(25,29)],[(1,2),(3,26),(4,22),(5,24),(6,23),(7,25),(8,10),(9,13),(11,18),(12,17),(14,15),(16,20),(19,21),(27,28)]  # out=6059
[(0,29),(1,28),(2,27),(3,26),(4,25),(5,24),(6,23),(7,22),(8,9),(10,11),(12,17),(13,16),(14,15),(18,19),(20,21)],[(0,1),(2,3),(4,5),(6,7),(8,12),(9,20),(10,18),(11,19),(13,14),(15,16),(17,21),(22,23),(24,25),(26,27),(28,29)],[(0,2),(1,3),(4,6),(5,7),(8,9),(10,13),(11,14),(12,17),(15,18),(16,19),(20,21),(22,24),(23,25),(26,28),(27,29)],[(0,4),(1,5),(2,6),(3,7),(8,11),(9,12),(13,15),(14,16),(17,20),(18,21),(22,26),(23,27),(24,28),(25,29)],[(1,2),(3,26),(4,22),(5,24),(6,23),(7,25),(9,14),(11,13),(12,17),(15,20),(16,18),(27,28)]  # out=6059
[(0,29),(1,28),(2,27),(3,26),(4,25),(5,24),(6,23),(7,22),(8,9),(10,11),(12,13),(14,15),(16,17),(18,19),(20,21)],[(0,1),(2,3),(4,5),(6,7),(8,10),(9,11),(12,14),(13,16),(15,17),(18,20),(19,21),(22,23),(24,25),(26,27),(28,29)],[(0,2),(1,3),(4,6),(5,7),(8,18),(9,20),(10,19),(11,21),(12,13),(14,15),(16,17),(22,24),(23,25),(26,28),(27,29)],[(0,4),(1,5),(2,6),(3,7),(9,13),(10,14),(11,17),(12,18),(15,19),(16,20),(22,26),(23,27),(24,28),(25,29)],[(1,2),(3,26),(4,22),(5,24),(6,23),(7,25),(8,12),(9,10),(11,15),(13,16),(14,18),(17,21),(19,20),(27,28)]  # out=6059
[(0,29),(1,28),(2,27),(3,26),(4,25),(5,24),(6,23),(7,22),(8,9),(10,11),(12,13),(14,15),(16,17),(18,19),(20,21)],[(0,1),(2,3),(4,5),(6,7),(8,10),(9,11),(12,15),(13,16),(14,17),(18,20),(19,21),(22,23),(24,25),(26,27),(28,29)],[(0,2),(1,3),(4,6),(5,7),(8,18),(9,20),(10,19),(11,21),(12,17),(13,14),(15,16),(22,24),(23,25),(26,28),(27,29)],[(0,4),(1,5),(2,6),(3,7),(9,12),(10,13),(11,15),(14,18),(16,19),(17,20),(22,26),(23,27),(24,28),(25,29)],[(1,2),(3,26),(4,22),(5,24),(6,23),(7,25),(8,10),(9,14),(11,13),(12,17),(15,20),(16,18),(19,21),(27,28)]  # out=6059
[(0,29),(1,28),(2,27),(3,26),(4,25),(5,24),(6,23),(7,22),(8,9),(10,11),(12,13),(14,15),(16,17),(18,19),(20,21)],[(0,1),(2,3),(4,5),(6,7),(8,10),(9,11),(12,15),(13,16),(14,17),(18,20),(19,21),(22,23),(24,25),(26,27),(28,29)],[(0,2),(1,3),(4,6),(5,7),(8,18),(9,20),(10,19),(11,21),(12,17),(13,14),(15,16),(22,24),(23,25),(26,28),(27,29)],[(0,4),(1,5),(2,6),(3,7),(9,12),(10,13),(11,15),(14,18),(16,19),(17,20),(22,26),(23,27),(24,28),(25,29)],[(1,2),(3,26),(4,22),(5,24),(6,23),(7,25),(8,14),(9,10),(11,13),(12,17),(15,21),(16,18),(19,20),(27,28)]  # out=6059
[(0,29),(1,28),(2,27),(3,26),(4,25),(5,24),(6,23),(7,22),(8,9),(10,11),(12,17),(13,16),(14,15),(18,19),(20,21)],[(0,1),(2,3),(4,5),(6,7),(8,12),(9,20),(10,18),(11,19),(13,14),(15,16),(17,21),(22,23),(24,25),(26,27),(28,29)],[(0,2),(1,3),(4,6),(5,7),(8,9),(10,13),(11,14),(12,17),(15,18),(16,19),(20,21),(22,24),(23,25),(26,28),(27,29)],[(0,4),(1,5),(2,6),(3,7),(8,11),(9,13),(12,15),(14,17),(16,20),(18,21),(22,26),(23,27),(24,28),(25,29)],[(1,2),(3,26),(4,22),(5,24),(6,23),(7,25),(9,12),(11,18),(13,15),(14,16),(17,20),(27,28)]  # out=6059
[(0,1),(2,3),(4,5),(6,7),(8,9),(10,11),(12,17),(13,16),(14,15),(18,19),(20,21),(22,23),(24,25),(26,27),(28,29)],[(0,2),(1,3),(4,6),(5,7),(8,12),(9,20),(10,18),(11,19),(13,14),(15,16),(17,21),(22,24),(23,25),(26,28),(27,29)],[(0,4),(1,5),(2,6),(3,7),(8,9),(10,13),(11,14),(12,17),(15,18),(16,19),(20,21),(22,26),(23,27),(24,28),(25,29)],[(0,22),(1,23),(2,26),(3,27),(4,24),(5,25),(6,28),(7,29),(8,19),(9,12),(10,21),(11,13),(14,15),(16,18),(17,20)],[(1,22),(2,4),(3,24),(5,26),(6,23),(7,28),(8,10),(11,14),(12,17),(13,16),(15,18),(19,21),(25,27)]  # out=6059
[(0,1),(2,3),(4,5),(6,7),(8,9),(10,11),(12,17),(13,16),(14,15),(18,19),(20,21),(22,23),(24,25),(26,27),(28,29)],[(0,2),(1,3),(4,6),(5,7),(8,12),(9,20),(10,18),(11,19),(13,14),(15,16),(17,21),(22,24),(23,25),(26,28),(27,29)],[(0,4),(1,5),(2,6),(3,7),(8,9),(10,13),(11,14),(12,17),(15,18),(16,19),(20,21),(22,26),(23,27),(24,28),(25,29)],[(0,22),(1,23),(2,26),(3,27),(4,24),(5,25),(6,28),(7,29),(8,19),(9,12),(10,21),(11,13),(14,15),(16,18),(17,20)],[(1,22),(2,4),(3,24),(5,26),(6,23),(7,28),(8,14),(9,11),(12,13),(15,21),(16,17),(18,20),(25,27)]  # out=6059
[(0,1),(2,3),(4,5),(6,7),(8,9),(10,11),(12,17),(13,16),(14,15),(18,19),(20,21),(22,23),(24,25),(26,27),(28,29)],[(0,2),(1,3),(4,6),(5,7),(8,12),(9,20),(10,18),(11,19),(13,14),(15,16),(17,21),(22,24),(23,25),(26,28),(27,29)],[(0,4),(1,5),(2,6),(3,7),(8,9),(10,13),(11,14),(12,17),(15,18),(16,19),(20,21),(22,26),(23,27),(24,28),(25,29)],[(0,22),(1,23),(2,26),(3,27),(4,24),(5,25),(6,28),(7,29),(8,19),(9,12),(10,21),(11,13),(14,15),(16,18),(17,20)],[(1,22),(2,4),(3,24),(5,26),(6,23),(7,28),(9,10),(11,14),(12,17),(13,16),(15,18),(19,20),(25,27)]  # out=6059
[(0,1),(2,3),(4,5),(6,7),(8,9),(10,11),(12,17),(13,16),(14,15),(18,19),(20,21),(22,23),(24,25),(26,27),(28,29)],[(0,2),(1,3),(4,6),(5,7),(8,12),(9,20),(10,18),(11,19),(13,14),(15,16),(17,21),(22,24),(23,25),(26,28),(27,29)],[(0,4),(1,5),(2,6),(3,7),(8,9),(10,13),(11,14),(12,17),(15,18),(16,19),(20,21),(22,26),(23,27),(24,28),(25,29)],[(0,22),(1,23),(2,26),(3,27),(4,24),(5,25),(6,28),(7,29),(8,19),(9,12),(10,21),(11,13),(14,15),(16,18),(17,20)],[(1,22),(2,4),(3,24),(5,26),(6,23),(7,28),(9,19),(10,20),(11,14),(12,17),(13,16),(15,18),(25,27)]  # out=6059
[(0,1),(2,3),(4,5),(6,7),(8,9),(10,11),(12,17),(13,16),(14,15),(18,19),(20,21),(22,23),(24,25),(26,27),(28,29)],[(0,2),(1,3),(4,6),(5,7),(8,12),(9,20),(10,18),(11,19),(13,14),(15,16),(17,21),(22,24),(23,25),(26,28),(27,29)],[(0,4),(1,5),(2,6),(3,7),(8,9),(10,13),(11,14),(12,17),(15,18),(16,19),(20,21),(22,26),(23,27),(24,28),(25,29)],[(0,22),(1,23),(2,26),(3,27),(4,24),(5,25),(6,28),(7,29),(8,10),(9,12),(11,13),(14,15),(16,18),(17,20),(19,21)],[(1,22),(2,4),(3,24),(5,26),(6,23),(7,28),(9,10),(11,14),(12,17),(13,16),(15,18),(19,20),(25,27)]  # out=6059
[(0,1),(2,3),(4,5),(6,7),(8,9),(10,11),(12,17),(13,16),(14,15),(18,19),(20,21),(22,23),(24,25),(26,27),(28,29)],[(0,2),(1,3),(4,6),(5,7),(8,12),(9,20),(10,18),(11,19),(13,14),(15,16),(17,21),(22,24),(23,25),(26,28),(27,29)],[(0,4),(1,5),(2,6),(3,7),(8,9),(10,13),(11,14),(12,17),(15,18),(16,19),(20,21),(22,26),(23,27),(24,28),(25,29)],[(0,22),(1,23),(2,26),(3,27),(4,24),(5,25),(6,28),(7,29),(8,10),(9,12),(11,13),(14,15),(16,18),(17,20),(19,21)],[(1,22),(2,4),(3,24),(5,26),(6,23),(7,28),(9,14),(10,11),(12,13),(15,20),(16,17),(18,19),(25,27)]  # out=6059
[(0,1),(2,3),(4,5),(6,7),(8,9),(10,11),(12,17),(13,16),(14,15),(18,19),(20,21),(22,23),(24,25),(26,27),(28,29)],[(0,2),(1,3),(4,6),(5,7),(8,12),(9,20),(10,18),(11,19),(13,14),(15,16),(17,21),(22,24),(23,25),(26,28),(27,29)],[(0,4),(1,5),(2,6),(3,7),(8,9),(10,13),(11,14),(12,17),(15,18),(16,19),(20,21),(22,26),(23,27),(24,28),(25,29)],[(0,22),(1,23),(2,26),(3,27),(4,24),(5,25),(6,28),(7,29),(8,10),(9,12),(11,13),(14,15),(16,18),(17,20),(19,21)],[(1,22),(2,4),(3,24),(5,26),(6,23),(7,28),(9,19),(10,20),(11,14),(12,17),(13,16),(15,18),(25,27)]  # out=6059
[(0,1),(2,3),(4,5),(6,7),(8,9),(10,11),(12,17),(13,16),(14,15),(18,19),(20,21),(22,23),(24,25),(26,27),(28,29)],[(0,2),(1,3),(4,6),(5,7),(8,12),(9,20),(10,18),(11,19),(13,14),(15,16),(17,21),(22,24),(23,25),(26,28),(27,29)],[(0,4),(1,5),(2,6),(3,7),(8,9),(10,13),(11,14),(12,17),(15,18),(16,19),(20,21),(22,26),(23,27),(24,28),(25,29)],[(0,22),(1,23),(2,26),(3,27),(4,24),(5,25),(6,28),(7,29),(8,11),(9,12),(13,15),(14,16),(17,20),(18,21)],[(1,22),(2,4),(3,24),(5,26),(6,23),(7,28),(8,10),(9,13),(11,18),(12,17),(14,15),(16,20),(19,21),(25,27)]  # out=6059
[(0,1),(2,3),(4,5),(6,7),(8,9),(10,11),(12,17),(13,16),(14,15),(18,19),(20,21),(22,23),(24,25),(26,27),(28,29)],[(0,2),(1,3),(4,6),(5,7),(8,12),(9,20),(10,18),(11,19),(13,14),(15,16),(17,21),(22,24),(23,25),(26,28),(27,29)],[(0,4),(1,5),(2,6),(3,7),(8,9),(10,13),(11,14),(12,17),(15,18),(16,19),(20,21),(22,26),(23,27),(24,28),(25,29)],[(0,22),(1,23),(2,26),(3,27),(4,24),(5,25),(6,28),(7,29),(8,11),(9,12),(13,15),(14,16),(17,20),(18,21)],[(1,22),(2,4),(3,24),(5,26),(6,23),(7,28),(9,14),(11,13),(12,17),(15,20),(16,18),(25,27)]  # out=6059
[(0,1),(2,3),(4,5),(6,7),(8,9),(10,11),(12,13),(14,15),(16,17),(18,19),(20,21),(22,23),(24,25),(26,27),(28,29)],[(0,2),(1,3),(4,6),(5,7),(8,10),(9,11),(12,14),(13,16),(15,17),(18,20),(19,21),(22,24),(23,25),(26,28),(27,29)],[(0,4),(1,5),(2,6),(3,7),(8,18),(9,20),(10,19),(11,21),(12,13),(14,15),(16,17),(22,26),(23,27),(24,28),(25,29)],[(0,22),(1,23),(2,26),(3,27),(4,24),(5,25),(6,28),(7,29),(9,13),(10,14),(11,17),(12,18),(15,19),(16,20)],[(1,22),(2,4),(3,24),(5,26),(6,23),(7,28),(8,12),(9,10),(11,15),(13,16),(14,18),(17,21),(19,20),(25,27)]  # out=6059
[(0,1),(2,3),(4,5),(6,7),(8,9),(10,11),(12,13),(14,15),(16,17),(18,19),(20,21),(22,23),(24,25),(26,27),(28,29)],[(0,2),(1,3),(4,6),(5,7),(8,10),(9,11),(12,15),(13,16),(14,17),(18,20),(19,21),(22,24),(23,25),(26,28),(27,29)],[(0,4),(1,5),(2,6),(3,7),(8,18),(9,20),(10,19),(11,21),(12,17),(13,14),(15,16),(22,26),(23,27),(24,28),(25,29)],[(0,22),(1,23),(2,26),(3,27),(4,24),(5,25),(6,28),(7,29),(9,12),(10,13),(11,15),(14,18),(16,19),(17,20)],[(1,22),(2,4),(3,24),(5,26),(6,23),(7,28),(8,10),(9,14),(11,13),(12,17),(15,20),(16,18),(19,21),(25,27)]  # out=6059
[(0,1),(2,3),(4,5),(6,7),(8,9),(10,11),(12,13),(14,15),(16,17),(18,19),(20,21),(22,23),(24,25),(26,27),(28,29)],[(0,2),(1,3),(4,6),(5,7),(8,10),(9,11),(12,15),(13,16),(14,17),(18,20),(19,21),(22,24),(23,25),(26,28),(27,29)],[(0,4),(1,5),(2,6),(3,7),(8,18),(9,20),(10,19),(11,21),(12,17),(13,14),(15,16),(22,26),(23,27),(24,28),(25,29)],[(0,22),(1,23),(2,26),(3,27),(4,24),(5,25),(6,28),(7,29),(9,12),(10,13),(11,15),(14,18),(16,19),(17,20)],[(1,22),(2,4),(3,24),(5,26),(6,23),(7,28),(8,14),(9,10),(11,13),(12,17),(15,21),(16,18),(19,20),(25,27)]  # out=6059
[(0,1),(2,3),(4,5),(6,7),(8,9),(10,11),(12,17),(13,16),(14,15),(18,19),(20,21),(22,23),(24,25),(26,27),(28,29)],[(0,2),(1,3),(4,6),(5,7),(8,12),(9,20),(10,18),(11,19),(13,14),(15,16),(17,21),(22,24),(23,25),(26,28),(27,29)],[(0,4),(1,5),(2,6),(3,7),(8,9),(10,13),(11,14),(12,17),(15,18),(16,19),(20,21),(22,26),(23,27),(24,28),(25,29)],[(0,22),(1,23),(2,26),(3,27),(4,24),(5,25),(6,28),(7,29),(8,11),(9,13),(12,15),(14,17),(16,20),(18,21)],[(1,22),(2,4),(3,24),(5,26),(6,23),(7,28),(9,12),(11,18),(13,15),(14,16),(17,20),(25,27)]  # out=6059
[(0,1),(2,3),(4,25),(5,24),(6,23),(7,22),(8,21),(9,20),(10,19),(11,18),(12,17),(13,16),(14,15),(26,27),(28,29)],[(0,4),(1,28),(2,26),(3,27),(5,6),(7,8),(9,10),(11,12),(13,14),(15,16),(17,18),(19,20),(21,22),(23,24),(25,29)],[(0,1),(2,5),(3,26),(4,25),(6,23),(7,9),(8,10),(11,13),(12,14),(15,17),(16,18),(19,21),(20,22),(24,27),(28,29)],[(0,5),(1,3),(4,6),(7,11),(8,12),(9,13),(10,14),(15,19),(16,20),(17,21),(18,22),(23,25),(24,29),(26,28)],[(0,2),(1,4),(3,6),(5,24),(8,9),(10,19),(11,15),(12,17),(13,16),(14,18),(20,21),(23,26),(25,28),(27,29)]  # out=5478
[(0,1),(2,3),(4,25),(5,24),(6,23),(7,8),(9,10),(11,12),(13,14),(15,16),(17,18),(19,20),(21,22),(26,27),(28,29)],[(0,4),(1,28),(2,26),(3,27),(5,6),(7,9),(8,10),(11,13),(12,14),(15,17),(16,18),(19,21),(20,22),(23,24),(25,29)],[(0,1),(2,5),(3,26),(4,25),(6,23),(7,11),(8,12),(9,13),(10,14),(15,19),(16,20),(17,21),(18,22),(24,27),(28,29)],[(0,5),(1,3),(4,6),(7,15),(8,16),(9,19),(10,20),(11,17),(12,18),(13,21),(14,22),(23,25),(24,29),(26,28)],[(0,2),(1,4),(3,6),(5,24),(8,15),(9,11),(10,17),(12,19),(13,16),(14,21),(18,20),(23,26),(25,28),(27,29)]  # out=5478
[(0,1),(2,3),(4,25),(5,24),(6,23),(7,22),(8,21),(9,20),(10,19),(11,18),(12,17),(13,16),(14,15),(26,27),(28,29)],[(0,4),(1,28),(2,26),(3,27),(5,6),(7,8),(9,10),(11,12),(13,14),(15,16),(17,18),(19,20),(21,22),(23,24),(25,29)],[(0,1),(2,5),(3,6),(4,25),(7,9),(8,10),(11,13),(12,14),(15,17),(16,18),(19,21),(20,22),(23,26),(24,27),(28,29)],[(0,3),(1,5),(4,23),(6,25),(7,11),(8,12),(9,13),(10,14),(15,19),(16,20),(17,21),(18,22),(24,28),(26,29)],[(0,2),(1,4),(3,26),(5,23),(6,24),(8,9),(10,19),(11,15),(12,17),(13,16),(14,18),(20,21),(25,28),(27,29)]  # out=5561
[(0,1),(2,3),(4,25),(5,24),(6,23),(7,8),(9,10),(11,12),(13,14),(15,16),(17,18),(19,20),(21,22),(26,27),(28,29)],[(0,4),(1,28),(2,26),(3,27),(5,6),(7,9),(8,10),(11,13),(12,14),(15,17),(16,18),(19,21),(20,22),(23,24),(25,29)],[(0,1),(2,5),(3,6),(4,25),(7,11),(8,12),(9,13),(10,14),(15,19),(16,20),(17,21),(18,22),(23,26),(24,27),(28,29)],[(0,3),(1,5),(4,23),(6,25),(7,15),(8,16),(9,19),(10,20),(11,17),(12,18),(13,21),(14,22),(24,28),(26,29)],[(0,2),(1,4),(3,26),(5,23),(6,24),(8,15),(9,11),(10,17),(12,19),(13,16),(14,21),(18,20),(25,28),(27,29)]  # out=5561
[(0,1),(2,3),(4,5),(6,23),(7,22),(8,21),(9,20),(10,19),(11,18),(12,17),(13,16),(14,15),(24,25),(26,27),(28,29)],[(0,2),(1,3),(4,6),(5,24),(7,8),(9,10),(11,12),(13,14),(15,16),(17,18),(19,20),(21,22),(23,25),(26,28),(27,29)],[(0,26),(1,28),(2,27),(3,29),(4,5),(6,23),(7,9),(8,10),(11,13),(12,14),(15,17),(16,18),(19,21),(20,22),(24,25)],[(0,4),(1,5),(2,6),(3,26),(7,11),(8,12),(9,13),(10,14),(15,19),(16,20),(17,21),(18,22),(23,27),(24,28),(25,29)],[(1,2),(3,4),(5,6),(8,9),(10,19),(11,15),(12,17),(13,16),(14,18),(20,21),(23,24),(25,26),(27,28)]  # out=5727
[(0,1),(2,3),(4,5),(6,23),(7,8),(9,10),(11,12),(13,14),(15,16),(17,18),(19,20),(21,22),(24,25),(26,27),(28,29)],[(0,2),(1,3),(4,6),(5,24),(7,9),(8,10),(11,13),(12,14),(15,17),(16,18),(19,21),(20,22),(23,25),(26,28),(27,29)],[(0,26),(1,28),(2,27),(3,29),(4,5),(6,23),(7,11),(8,12),(9,13),(10,14),(15,19),(16,20),(17,21),(18,22),(24,25)],[(0,4),(1,5),(2,6),(3,26),(7,15),(8,16),(9,19),(10,20),(11,17),(12,18),(13,21),(14,22),(23,27),(24,28),(25,29)],[(1,2),(3,4),(5,6),(8,15),(9,11),(10,17),(12,19),(13,16),(14,21),(18,20),(23,24),(25,26),(27,28)]  # out=5727
[(0,1),(2,3),(4,5),(6,23),(7,22),(8,21),(9,20),(10,19),(11,18),(12,17),(13,16),(14,15),(24,25),(26,27),(28,29)],[(0,2),(1,3),(4,6),(5,24),(7,8),(9,10),(11,12),(13,14),(15,16),(17,18),(19,20),(21,22),(23,25),(26,28),(27,29)],[(0,26),(1,2),(3,29),(4,5),(6,23),(7,9),(8,10),(11,13),(12,14),(15,17),(16,18),(19,21),(20,22),(24,25),(27,28)],[(1,5),(2,23),(3,25),(4,26),(6,27),(7,11),(8,12),(9,13),(10,14),(15,19),(16,20),(17,21),(18,22),(24,28)],[(0,4),(1,6),(2,24),(3,26),(5,27),(8,9),(10,19),(11,15),(12,17),(13,16),(14,18),(20,21),(23,28),(25,29)]  # out=5727
[(0,1),(2,3),(4,5),(6,23),(7,8),(9,10),(11,12),(13,14),(15,16),(17,18),(19,20),(21,22),(24,25),(26,27),(28,29)],[(0,2),(1,3),(4,6),(5,24),(7,9),(8,10),(11,13),(12,14),(15,17),(16,18),(19,21),(20,22),(23,25),(26,28),(27,29)],[(0,26),(1,2),(3,29),(4,5),(6,23),(7,11),(8,12),(9,13),(10,14),(15,19),(16,20),(17,21),(18,22),(24,25),(27,28)],[(1,5),(2,23),(3,25),(4,26),(6,27),(7,15),(8,16),(9,19),(10,20),(11,17),(12,18),(13,21),(14,22),(24,28)],[(0,4),(1,6),(2,24),(3,26),(5,27),(8,15),(9,11),(10,17),(12,19),(13,16),(14,21),(18,20),(23,28),(25,29)]  # out=5727
[(0,1),(2,3),(4,5),(6,23),(7,22),(8,21),(9,20),(10,19),(11,18),(12,17),(13,16),(14,15),(24,25),(26,27),(28,29)],[(0,2),(1,3),(4,6),(5,24),(7,8),(9,10),(11,12),(13,14),(15,16),(17,18),(19,20),(21,22),(23,25),(26,28),(27,29)],[(0,26),(1,28),(2,27),(3,29),(4,5),(6,23),(7,9),(8,10),(11,13),(12,14),(15,17),(16,18),(19,21),(20,22),(24,25)],[(1,4),(2,26),(3,27),(5,6),(7,11),(8,12),(9,13),(10,14),(15,19),(16,20),(17,21),(18,22),(23,24),(25,28)],[(0,1),(2,5),(3,6),(4,25),(8,9),(10,19),(11,15),(12,17),(13,16),(14,18),(20,21),(23,26),(24,27),(28,29)]  # out=5810
[(0,1),(2,3),(4,5),(6,23),(7,8),(9,10),(11,12),(13,14),(15,16),(17,18),(19,20),(21,22),(24,25),(26,27),(28,29)],[(0,2),(1,3),(4,6),(5,24),(7,9),(8,10),(11,13),(12,14),(15,17),(16,18),(19,21),(20,22),(23,25),(26,28),(27,29)],[(0,26),(1,28),(2,27),(3,29),(4,5),(6,23),(7,11),(8,12),(9,13),(10,14),(15,19),(16,20),(17,21),(18,22),(24,25)],[(1,4),(2,26),(3,27),(5,6),(7,15),(8,16),(9,19),(10,20),(11,17),(12,18),(13,21),(14,22),(23,24),(25,28)],[(0,1),(2,5),(3,6),(4,25),(8,15),(9,11),(10,17),(12,19),(13,16),(14,21),(18,20),(23,26),(24,27),(28,29)]  # out=5810
[(0,1),(2,3),(4,5),(6,23),(7,22),(8,21),(9,20),(10,19),(11,18),(12,17),(13,16),(14,15),(24,25),(26,27),(28,29)],[(0,2),(1,3),(4,6),(5,24),(7,8),(9,10),(11,12),(13,14),(15,16),(17,18),(19,20),(21,22),(23,25),(26,28),(27,29)],[(0,26),(1,28),(2,27),(3,29),(4,5),(6,23),(7,9),(8,10),(11,13),(12,14),(15,17),(16,18),(19,21),(20,22),(24,25)],[(1,5),(2,6),(3,25),(4,26),(7,11),(8,12),(9,13),(10,14),(15,19),(16,20),(17,21),(18,22),(23,27),(24,28)],[(0,4),(1,2),(3,26),(5,23),(6,24),(8,9),(10,19),(11,15),(12,17),(13,16),(14,18),(20,21),(25,29),(27,28)]  # out=5810
[(0,1),(2,3),(4,5),(6,23),(7,8),(9,10),(11,12),(13,14),(15,16),(17,18),(19,20),(21,22),(24,25),(26,27),(28,29)],[(0,2),(1,3),(4,6),(5,24),(7,9),(8,10),(11,13),(12,14),(15,17),(16,18),(19,21),(20,22),(23,25),(26,28),(27,29)],[(0,26),(1,28),(2,27),(3,29),(4,5),(6,23),(7,11),(8,12),(9,13),(10,14),(15,19),(16,20),(17,21),(18,22),(24,25)],[(1,5),(2,6),(3,25),(4,26),(7,15),(8,16),(9,19),(10,20),(11,17),(12,18),(13,21),(14,22),(23,27),(24,28)],[(0,4),(1,2),(3,26),(5,23),(6,24),(8,15),(9,11),(10,17),(12,19),(13,16),(14,21),(18,20),(25,29),(27,28)]  # out=5810
[(0,1),(2,3),(4,25),(5,24),(6,23),(7,22),(8,21),(9,20),(10,19),(11,18),(12,17),(13,16),(14,15),(26,27),(28,29)],[(0,4),(1,28),(2,26),(3,27),(5,6),(7,8),(9,10),(11,12),(13,14),(15,16),(17,18),(19,20),(21,22),(23,24),(25,29)],[(0,1),(2,5),(3,6),(4,25),(7,9),(8,10),(11,13),(12,14),(15,17),(16,18),(19,21),(20,22),(23,26),(24,27),(28,29)],[(0,2),(1,3),(4,5),(6,23),(7,11),(8,12),(9,13),(10,14),(15,19),(16,20),(17,21),(18,22),(24,25),(26,28),(27,29)],[(1,4),(2,6),(3,5),(8,9),(10,19),(11,15),(12,17),(13,16),(14,18),(20,21),(23,27),(24,26),(25,28)]  # out=5810
[(0,1),(2,3),(4,25),(5,24),(6,23),(7,8),(9,10),(11,12),(13,14),(15,16),(17,18),(19,20),(21,22),(26,27),(28,29)],[(0,4),(1,28),(2,26),(3,27),(5,6),(7,9),(8,10),(11,13),(12,14),(15,17),(16,18),(19,21),(20,22),(23,24),(25,29)],[(0,1),(2,5),(3,6),(4,25),(7,11),(8,12),(9,13),(10,14),(15,19),(16,20),(17,21),(18,22),(23,26),(24,27),(28,29)],[(0,2),(1,3),(4,5),(6,23),(7,15),(8,16),(9,19),(10,20),(11,17),(12,18),(13,21),(14,22),(24,25),(26,28),(27,29)],[(1,4),(2,6),(3,5),(8,15),(9,11),(10,17),(12,19),(13,16),(14,21),(18,20),(23,27),(24,26),(25,28)]  # out=5810
[(0,1),(2,3),(4,5),(6,23),(7,22),(8,21),(9,20),(10,19),(11,18),(12,17),(13,16),(14,15),(24,25),(26,27),(28,29)],[(0,2),(1,3),(4,6),(5,24),(7,8),(9,10),(11,12),(13,14),(15,16),(17,18),(19,20),(21,22),(23,25),(26,28),(27,29)],[(0,26),(1,28),(2,27),(3,29),(4,5),(6,23),(7,9),(8,10),(11,13),(12,14),(15,17),(16,18),(19,21),(20,22),(24,25)],[(1,4),(2,5),(3,23),(6,26),(7,11),(8,12),(9,13),(10,14),(15,19),(16,20),(17,21),(18,22),(24,27),(25,28)],[(0,1),(2,6),(3,24),(4,25),(5,26),(8,9),(10,19),(11,15),(12,17),(13,16),(14,18),(20,21),(23,27),(28,29)]  # out=5893
[(0,1),(2,3),(4,5),(6,23),(7,8),(9,10),(11,12),(13,14),(15,16),(17,18),(19,20),(21,22),(24,25),(26,27),(28,29)],[(0,2),(1,3),(4,6),(5,24),(7,9),(8,10),(11,13),(12,14),(15,17),(16,18),(19,21),(20,22),(23,25),(26,28),(27,29)],[(0,26),(1,28),(2,27),(3,29),(4,5),(6,23),(7,11),(8,12),(9,13),(10,14),(15,19),(16,20),(17,21),(18,22),(24,25)],[(1,4),(2,5),(3,23),(6,26),(7,15),(8,16),(9,19),(10,20),(11,17),(12,18),(13,21),(14,22),(24,27),(25,28)],[(0,1),(2,6),(3,24),(4,25),(5,26),(8,15),(9,11),(10,17),(12,19),(13,16),(14,21),(18,20),(23,27),(28,29)]  # out=5893
[(0,1),(2,3),(4,25),(5,24),(6,23),(7,22),(8,21),(9,20),(10,19),(11,18),(12,17),(13,16),(14,15),(26,27),(28,29)],[(0,4),(1,28),(2,26),(3,27),(5,6),(7,8),(9,10),(11,12),(13,14),(15,16),(17,18),(19,20),(21,22),(23,24),(25,29)],[(0,1),(2,5),(3,6),(4,25),(7,9),(8,10),(11,13),(12,14),(15,17),(16,18),(19,21),(20,22),(23,26),(24,27),(28,29)],[(0,3),(1,4),(5,23),(6,24),(7,11),(8,12),(9,13),(10,14),(15,19),(16,20),(17,21),(18,22),(25,28),(26,29)],[(0,2),(1,6),(3,5),(4,25),(8,9),(10,19),(11,15),(12,17),(13,16),(14,18),(20,21),(23,28),(24,26),(27,29)]  # out=5893
[(0,1),(2,3),(4,25),(5,24),(6,23),(7,8),(9,10),(11,12),(13,14),(15,16),(17,18),(19,20),(21,22),(26,27),(28,29)],[(0,4),(1,28),(2,26),(3,27),(5,6),(7,9),(8,10),(11,13),(12,14),(15,17),(16,18),(19,21),(20,22),(23,24),(25,29)],[(0,1),(2,5),(3,6),(4,25),(7,11),(8,12),(9,13),(10,14),(15,19),(16,20),(17,21),(18,22),(23,26),(24,27),(28,29)],[(0,3),(1,4),(5,23),(6,24),(7,15),(8,16),(9,19),(10,20),(11,17),(12,18),(13,21),(14,22),(25,28),(26,29)],[(0,2),(1,6),(3,5),(4,25),(8,15),(9,11),(10,17),(12,19),(13,16),(14,21),(18,20),(23,28),(24,26),(27,29)]  # out=5893
[(0,1),(2,3),(4,5),(6,23),(7,22),(8,21),(9,20),(10,19),(11,18),(12,17),(13,16),(14,15),(24,25),(26,27),(28,29)],[(0,2),(1,3),(4,6),(5,24),(7,8),(9,10),(11,12),(13,14),(15,16),(17,18),(19,20),(21,22),(23,25),(26,28),(27,29)],[(0,26),(1,28),(2,27),(3,29),(4,5),(6,23),(7,9),(8,10),(11,13),(12,14),(15,17),(16,18),(19,21),(20,22),(24,25)],[(1,5),(2,6),(3,25),(4,26),(7,11),(8,12),(9,13),(10,14),(15,19),(16,20),(17,21),(18,22),(23,27),(24,28)],[(0,1),(2,4),(3,5),(6,23),(8,9),(10,19),(11,15),(12,17),(13,16),(14,18),(20,21),(24,26),(25,27),(28,29)]  # out=5893
[(0,1),(2,3),(4,5),(6,23),(7,8),(9,10),(11,12),(13,14),(15,16),(17,18),(19,20),(21,22),(24,25),(26,27),(28,29)],[(0,2),(1,3),(4,6),(5,24),(7,9),(8,10),(11,13),(12,14),(15,17),(16,18),(19,21),(20,22),(23,25),(26,28),(27,29)],[(0,26),(1,28),(2,27),(3,29),(4,5),(6,23),(7,11),(8,12),(9,13),(10,14),(15,19),(16,20),(17,21),(18,22),(24,25)],[(1,5),(2,6),(3,25),(4,26),(7,15),(8,16),(9,19),(10,20),(11,17),(12,18),(13,21),(14,22),(23,27),(24,28)],[(0,1),(2,4),(3,5),(6,23),(8,15),(9,11),(10,17),(12,19),(13,16),(14,21),(18,20),(24,26),(25,27),(28,29)]  # out=5893
[(0,1),(2,3),(4,5),(6,23),(7,22),(8,21),(9,20),(10,19),(11,18),(12,17),(13,16),(14,15),(24,25),(26,27),(28,29)],[(0,2),(1,3),(4,23),(5,24),(6,25),(7,8),(9,10),(11,12),(13,14),(15,16),(17,18),(19,20),(21,22),(26,28),(27,29)],[(0,26),(1,28),(2,27),(3,29),(4,25),(5,6),(7,9),(8,10),(11,13),(12,14),(15,17),(16,18),(19,21),(20,22),(23,24)],[(1,4),(2,5),(3,23),(6,26),(7,11),(8,12),(9,13),(10,14),(15,19),(16,20),(17,21),(18,22),(24,27),(25,28)],[(0,1),(2,6),(3,5),(4,25),(8,9),(10,19),(11,15),(12,17),(13,16),(14,18),(20,21),(23,27),(24,26),(28,29)]  # out=5893
[(0,1),(2,3),(4,5),(6,23),(7,8),(9,10),(11,12),(13,14),(15,16),(17,18),(19,20),(21,22),(24,25),(26,27),(28,29)],[(0,2),(1,3),(4,23),(5,24),(6,25),(7,9),(8,10),(11,13),(12,14),(15,17),(16,18),(19,21),(20,22),(26,28),(27,29)],[(0,26),(1,28),(2,27),(3,29),(4,25),(5,6),(7,11),(8,12),(9,13),(10,14),(15,19),(16,20),(17,21),(18,22),(23,24)],[(1,4),(2,5),(3,23),(6,26),(7,15),(8,16),(9,19),(10,20),(11,17),(12,18),(13,21),(14,22),(24,27),(25,28)],[(0,1),(2,6),(3,5),(4,25),(8,15),(9,11),(10,17),(12,19),(13,16),(14,21),(18,20),(23,27),(24,26),(28,29)]  # out=5893
[(0,1),(2,3),(4,25),(5,24),(6,23),(7,22),(8,21),(9,20),(10,19),(11,18),(12,17),(13,16),(14,15),(26,27),(28,29)],[(0,4),(1,28),(2,26),(3,27),(5,6),(7,8),(9,10),(11,12),(13,14),(15,16),(17,18),(19,20),(21,22),(23,24),(25,29)],[(0,1),(2,5),(3,6),(4,25),(7,9),(8,10),(11,13),(12,14),(15,17),(16,18),(19,21),(20,22),(23,26),(24,27),(28,29)],[(0,6),(1,4),(3,5),(7,11),(8,12),(9,13),(10,14),(15,19),(16,20),(17,21),(18,22),(23,29),(24,26),(25,28)],[(0,2),(1,3),(4,25),(5,23),(6,24),(8,9),(10,19),(11,15),(12,17),(13,16),(14,18),(20,21),(26,28),(27,29)]  # out=5976
[(0,1),(2,3),(4,25),(5,24),(6,23),(7,8),(9,10),(11,12),(13,14),(15,16),(17,18),(19,20),(21,22),(26,27),(28,29)],[(0,4),(1,28),(2,26),(3,27),(5,6),(7,9),(8,10),(11,13),(12,14),(15,17),(16,18),(19,21),(20,22),(23,24),(25,29)],[(0,1),(2,5),(3,6),(4,25),(7,11),(8,12),(9,13),(10,14),(15,19),(16,20),(17,21),(18,22),(23,26),(24,27),(28,29)],[(0,6),(1,4),(3,5),(7,15),(8,16),(9,19),(10,20),(11,17),(12,18),(13,21),(14,22),(23,29),(24,26),(25,28)],[(0,2),(1,3),(4,25),(5,23),(6,24),(8,15),(9,11),(10,17),(12,19),(13,16),(14,21),(18,20),(26,28),(27,29)]  # out=5976
[(0,1),(2,3),(4,25),(5,24),(6,23),(7,22),(8,21),(9,20),(10,19),(11,18),(12,17),(13,16),(14,15),(26,27),(28,29)],[(0,4),(1,28),(2,26),(3,27),(5,6),(7,8),(9,10),(11,12),(13,14),(15,16),(17,18),(19,20),(21,22),(23,24),(25,29)],[(0,1),(2,5),(3,6),(4,25),(7,9),(8,10),(11,13),(12,14),(15,17),(16,18),(19,21),(20,22),(23,26),(24,27),(28,29)],[(0,6),(1,4),(3,5),(7,11),(8,12),(9,13),(10,14),(15,19),(16,20),(17,21),(18,22),(23,29),(24,26),(25,28)],[(0,3),(1,27),(2,28),(4,25),(5,23),(6,24),(8,9),(10,19),(11,15),(12,17),(13,16),(14,18),(20,21),(26,29)]  # out=5976
[(0,1),(2,3),(4,25),(5,24),(6,23),(7,8),(9,10),(11,12),(13,14),(15,16),(17,18),(19,20),(21,22),(26,27),(28,29)],[(0,4),(1,28),(2,26),(3,27),(5,6),(7,9),(8,10),(11,13),(12,14),(15,17),(16,18),(19,21),(20,22),(23,24),(25,29)],[(0,1),(2,5),(3,6),(4,25),(7,11),(8,12),(9,13),(10,14),(15,19),(16,20),(17,21),(18,22),(23,26),(24,27),(28,29)],[(0,6),(1,4),(3,5),(7,15),(8,16),(9,19),(10,20),(11,17),(12,18),(13,21),(14,22),(23,29),(24,26),(25,28)],[(0,3),(1,27),(2,28),(4,25),(5,23),(6,24),(8,15),(9,11),(10,17),(12,19),(13,16),(14,21),(18,20),(26,29)]  # out=5976
[(0,1),(2,3),(4,25),(5,24),(6,23),(7,22),(8,21),(9,20),(10,19),(11,18),(12,17),(13,16),(14,15),(26,27),(28,29)],[(0,4),(1,28),(2,26),(3,27),(5,6),(7,8),(9,10),(11,12),(13,14),(15,16),(17,18),(19,20),(21,22),(23,24),(25,29)],[(0,1),(2,5),(3,26),(4,25),(6,23),(7,9),(8,10),(11,13),(12,14),(15,17),(16,18),(19,21),(20,22),(24,27),(28,29)],[(0,5),(1,3),(4,6),(7,11),(8,12),(9,13),(10,14),(15,19),(16,20),(17,21),(18,22),(23,25),(24,29),(26,28)],[(1,4),(3,6),(5,24),(8,9),(10,19),(11,15),(12,17),(13,16),(14,18),(20,21),(23,26),(25,28)]  # out=5976
[(0,1),(2,3),(4,25),(5,24),(6,23),(7,8),(9,10),(11,12),(13,14),(15,16),(17,18),(19,20),(21,22),(26,27),(28,29)],[(0,4),(1,28),(2,26),(3,27),(5,6),(7,9),(8,10),(11,13),(12,14),(15,17),(16,18),(19,21),(20,22),(23,24),(25,29)],[(0,1),(2,5),(3,26),(4,25),(6,23),(7,11),(8,12),(9,13),(10,14),(15,19),(16,20),(17,21),(18,22),(24,27),(28,29)],[(0,5),(1,3),(4,6),(7,15),(8,16),(9,19),(10,20),(11,17),(12,18),(13,21),(14,22),(23,25),(24,29),(26,28)],[(1,4),(3,6),(5,24),(8,15),(9,11),(10,17),(12,19),(13,16),(14,21),(18,20),(23,26),(25,28)]  # out=5976
[(0,1),(2,3),(4,25),(5,24),(6,23),(7,22),(8,21),(9,20),(10,19),(11,18),(12,17),(13,16),(14,15),(26,27),(28,29)],[(0,4),(1,28),(2,26),(3,27),(5,6),(7,8),(9,10),(11,12),(13,14),(15,16),(17,18),(19,20),(21,22),(23,24),(25,29)],[(0,1),(2,5),(3,6),(4,25),(7,9),(8,10),(11,13),(12,14),(15,17),(16,18),(19,21),(20,22),(23,26),(24,27),(28,29)],[(0,3),(1,4),(5,23),(6,24),(7,11),(8,12),(9,13),(10,14),(15,19),(16,20),(17,21),(18,22),(25,28),(26,29)],[(0,2),(1,5),(3,23),(4,25),(6,26),(8,9),(10,19),(11,15),(12,17),(13,16),(14,18),(20,21),(24,28),(27,29)]  # out=5976
[(0,1),(2,3),(4,25),(5,24),(6,23),(7,8),(9,10),(11,12),(13,14),(15,16),(17,18),(19,20),(21,22),(26,27),(28,29)],[(0,4),(1,28),(2,26),(3,27),(5,6),(7,9),(8,10),(11,13),(12,14),(15,17),(16,18),(19,21),(20,22),(23,24),(25,29)],[(0,1),(2,5),(3,6),(4,25),(7,11),(8,12),(9,13),(10,14),(15,19),(16,20),(17,21),(18,22),(23,26),(24,27),(28,29)],[(0,3),(1,4),(5,23),(6,24),(7,15),(8,16),(9,19),(10,20),(11,17),(12,18),(13,21),(14,22),(25,28),(26,29)],[(0,2),(1,5),(3,23),(4,25),(6,26),(8,15),(9,11),(10,17),(12,19),(13,16),(14,21),(18,20),(24,28),(27,29)]  # out=5976
[(0,1),(2,3),(4,25),(5,24),(6,23),(7,22),(8,21),(9,20),(10,19),(11,18),(12,17),(13,16),(14,15),(26,27),(28,29)],[(0,4),(1,28),(2,26),(3,27),(5,6),(7,8),(9,10),(11,12),(13,14),(15,16),(17,18),(19,20),(21,22),(23,24),(25,29)],[(0,1),(2,5),(3,6),(4,25),(7,9),(8,10),(11,13),(12,14),(15,17),(16,18),(19,21),(20,22),(23,26),(24,27),(28,29)],[(0,3),(1,4),(5,23),(6,24),(7,11),(8,12),(9,13),(10,14),(15,19),(16,20),(17,21),(18,22),(25,28),(26,29)],[(0,2),(1,24),(3,23),(4,25),(5,28),(6,26),(8,9),(10,19),(11,15),(12,17),(13,16),(14,18),(20,21),(27,29)]  # out=5976
[(0,1),(2,3),(4,25),(5,24),(6,23),(7,8),(9,10),(11,12),(13,14),(15,16),(17,18),(19,20),(21,22),(26,27),(28,29)],[(0,4),(1,28),(2,26),(3,27),(5,6),(7,9),(8,10),(11,13),(12,14),(15,17),(16,18),(19,21),(20,22),(23,24),(25,29)],[(0,1),(2,5),(3,6),(4,25),(7,11),(8,12),(9,13),(10,14),(15,19),(16,20),(17,21),(18,22),(23,26),(24,27),(28,29)],[(0,3),(1,4),(5,23),(6,24),(7,15),(8,16),(9,19),(10,20),(11,17),(12,18),(13,21),(14,22),(25,28),(26,29)],[(0,2),(1,24),(3,23),(4,25),(5,28),(6,26),(8,15),(9,11),(10,17),(12,19),(13,16),(14,21),(18,20),(27,29)]  # out=5976
[(0,1),(2,3),(4,25),(5,24),(6,23),(7,22),(8,21),(9,20),(10,19),(11,18),(12,17),(13,16),(14,15),(26,27),(28,29)],[(0,4),(1,28),(2,26),(3,27),(5,6),(7,8),(9,10),(11,12),(13,14),(15,16),(17,18),(19,20),(21,22),(23,24),(25,29)],[(0,1),(2,5),(3,6),(4,25),(7,9),(8,10),(11,13),(12,14),(15,17),(16,18),(19,21),(20,22),(23,26),(24,27),(28,29)],[(0,2),(1,6),(3,25),(4,26),(5,24),(7,11),(8,12),(9,13),(10,14),(15,19),(16,20),(17,21),(18,22),(23,28),(27,29)],[(1,3),(2,23),(4,5),(6,27),(8,9),(10,19),(11,15),(12,17),(13,16),(14,18),(20,21),(24,25),(26,28)]  # out=5976
[(0,1),(2,3),(4,25),(5,24),(6,23),(7,8),(9,10),(11,12),(13,14),(15,16),(17,18),(19,20),(21,22),(26,27),(28,29)],[(0,4),(1,28),(2,26),(3,27),(5,6),(7,9),(8,10),(11,13),(12,14),(15,17),(16,18),(19,21),(20,22),(23,24),(25,29)],[(0,1),(2,5),(3,6),(4,25),(7,11),(8,12),(9,13),(10,14),(15,19),(16,20),(17,21),(18,22),(23,26),(24,27),(28,29)],[(0,2),(1,6),(3,25),(4,26),(5,24),(7,15),(8,16),(9,19),(10,20),(11,17),(12,18),(13,21),(14,22),(23,28),(27,29)],[(1,3),(2,23),(4,5),(6,27),(8,15),(9,11),(10,17),(12,19),(13,16),(14,21),(18,20),(24,25),(26,28)]  # out=5976
[(0,1),(2,3),(4,5),(6,23),(7,22),(8,21),(9,20),(10,19),(11,18),(12,17),(13,16),(14,15),(24,25),(26,27),(28,29)],[(0,2),(1,4),(3,6),(5,24),(7,8),(9,10),(11,12),(13,14),(15,16),(17,18),(19,20),(21,22),(23,26),(25,28),(27,29)],[(0,25),(1,23),(2,27),(3,5),(4,29),(6,28),(7,9),(8,10),(11,13),(12,14),(15,17),(16,18),(19,21),(20,22),(24,26)],[(0,1),(2,5),(4,6),(7,11),(8,12),(9,13),(10,14),(15,19),(16,20),(17,21),(18,22),(23,25),(24,27),(28,29)],[(1,3),(2,23),(4,24),(5,25),(6,27),(8,9),(10,19),(11,15),(12,17),(13,16),(14,18),(20,21),(26,28)]  # out=5976
[(0,1),(2,3),(4,5),(6,23),(7,8),(9,10),(11,12),(13,14),(15,16),(17,18),(19,20),(21,22),(24,25),(26,27),(28,29)],[(0,2),(1,4),(3,6),(5,24),(7,9),(8,10),(11,13),(12,14),(15,17),(16,18),(19,21),(20,22),(23,26),(25,28),(27,29)],[(0,25),(1,23),(2,27),(3,5),(4,29),(6,28),(7,11),(8,12),(9,13),(10,14),(15,19),(16,20),(17,21),(18,22),(24,26)],[(0,1),(2,5),(4,6),(7,15),(8,16),(9,19),(10,20),(11,17),(12,18),(13,21),(14,22),(23,25),(24,27),(28,29)],[(1,3),(2,23),(4,24),(5,25),(6,27),(8,15),(9,11),(10,17),(12,19),(13,16),(14,21),(18,20),(26,28)]  # out=5976
[(0,1),(2,3),(4,5),(6,23),(7,22),(8,21),(9,20),(10,19),(11,18),(12,17),(13,16),(14,15),(24,25),(26,27),(28,29)],[(0,2),(1,3),(4,6),(5,24),(7,8),(9,10),(11,12),(13,14),(15,16),(17,18),(19,20),(21,22),(23,25),(26,28),(27,29)],[(0,26),(1,2),(3,29),(4,5),(6,23),(7,9),(8,10),(11,13),(12,14),(15,17),(16,18),(19,21),(20,22),(24,25),(27,28)],[(0,4),(1,5),(2,23),(3,26),(6,27),(7,11),(8,12),(9,13),(10,14),(15,19),(16,20),(17,21),(18,22),(24,28),(25,29)],[(1,6),(2,24),(3,4),(5,27),(8,9),(10,19),(11,15),(12,17),(13,16),(14,18),(20,21),(23,28),(25,26)]  # out=5976
[(0,1),(2,3),(4,5),(6,23),(7,8),(9,10),(11,12),(13,14),(15,16),(17,18),(19,20),(21,22),(24,25),(26,27),(28,29)],[(0,2),(1,3),(4,6),(5,24),(7,9),(8,10),(11,13),(12,14),(15,17),(16,18),(19,21),(20,22),(23,25),(26,28),(27,29)],[(0,26),(1,2),(3,29),(4,5),(6,23),(7,11),(8,12),(9,13),(10,14),(15,19),(16,20),(17,21),(18,22),(24,25),(27,28)],[(0,4),(1,5),(2,23),(3,26),(6,27),(7,15),(8,16),(9,19),(10,20),(11,17),(12,18),(13,21),(14,22),(24,28),(25,29)],[(1,6),(2,24),(3,4),(5,27),(8,15),(9,11),(10,17),(12,19),(13,16),(14,21),(18,20),(23,28),(25,26)]  # out=5976
[(0,1),(2,3),(4,25),(5,24),(6,23),(7,22),(8,21),(9,20),(10,19),(11,18),(12,17),(13,16),(14,15),(26,27),(28,29)],[(0,4),(1,28),(2,26),(3,27),(5,6),(7,8),(9,10),(11,12),(13,14),(15,16),(17,18),(19,20),(21,22),(23,24),(25,29)],[(0,1),(2,5),(3,6),(4,25),(7,9),(8,10),(11,13),(12,14),(15,17),(16,18),(19,21),(20,22),(23,26),(24,27),(28,29)],[(0,27),(1,4),(2,29),(3,5),(6,23),(7,11),(8,12),(9,13),(10,14),(15,19),(16,20),(17,21),(18,22),(24,26),(25,28)],[(0,2),(3,6),(4,25),(5,24),(8,9),(10,19),(11,15),(12,17),(13,16),(14,18),(20,21),(23,26),(27,29)]  # out=6059
[(0,1),(2,3),(4,25),(5,24),(6,23),(7,8),(9,10),(11,12),(13,14),(15,16),(17,18),(19,20),(21,22),(26,27),(28,29)],[(0,4),(1,28),(2,26),(3,27),(5,6),(7,9),(8,10),(11,13),(12,14),(15,17),(16,18),(19,21),(20,22),(23,24),(25,29)],[(0,1),(2,5),(3,6),(4,25),(7,11),(8,12),(9,13),(10,14),(15,19),(16,20),(17,21),(18,22),(23,26),(24,27),(28,29)],[(0,27),(1,4),(2,29),(3,5),(6,23),(7,15),(8,16),(9,19),(10,20),(11,17),(12,18),(13,21),(14,22),(24,26),(25,28)],[(0,2),(3,6),(4,25),(5,24),(8,15),(9,11),(10,17),(12,19),(13,16),(14,21),(18,20),(23,26),(27,29)]  # out=6059
[(0,1),(2,3),(4,25),(5,24),(6,23),(7,22),(8,21),(9,20),(10,19),(11,18),(12,17),(13,16),(14,15),(26,27),(28,29)],[(0,4),(1,28),(2,26),(3,27),(5,6),(7,8),(9,10),(11,12),(13,14),(15,16),(17,18),(19,20),(21,22),(23,24),(25,29)],[(0,1),(2,5),(3,6),(4,25),(7,9),(8,10),(11,13),(12,14),(15,17),(16,18),(19,21),(20,22),(23,26),(24,27),(28,29)],[(0,27),(1,4),(2,29),(3,5),(6,23),(7,11),(8,12),(9,13),(10,14),(15,19),(16,20),(17,21),(18,22),(24,26),(25,28)],[(0,6),(1,3),(4,5),(8,9),(10,19),(11,15),(12,17),(13,16),(14,18),(20,21),(23,29),(24,25),(26,28)]  # out=6059
[(0,1),(2,3),(4,25),(5,24),(6,23),(7,8),(9,10),(11,12),(13,14),(15,16),(17,18),(19,20),(21,22),(26,27),(28,29)],[(0,4),(1,28),(2,26),(3,27),(5,6),(7,9),(8,10),(11,13),(12,14),(15,17),(16,18),(19,21),(20,22),(23,24),(25,29)],[(0,1),(2,5),(3,6),(4,25),(7,11),(8,12),(9,13),(10,14),(15,19),(16,20),(17,21),(18,22),(23,26),(24,27),(28,29)],[(0,27),(1,4),(2,29),(3,5),(6,23),(7,15),(8,16),(9,19),(10,20),(11,17),(12,18),(13,21),(14,22),(24,26),(25,28)],[(0,6),(1,3),(4,5),(8,15),(9,11),(10,17),(12,19),(13,16),(14,21),(18,20),(23,29),(24,25),(26,28)]  # out=6059
[(0,1),(2,3),(4,25),(5,24),(6,23),(7,22),(8,21),(9,20),(10,19),(11,18),(12,17),(13,16),(14,15),(26,27),(28,29)],[(0,4),(1,28),(2,26),(3,27),(5,6),(7,8),(9,10),(11,12),(13,14),(15,16),(17,18),(19,20),(21,22),(23,24),(25,29)],[(0,1),(2,5),(3,6),(4,25),(7,9),(8,10),(11,13),(12,14),(15,17),(16,18),(19,21),(20,22),(23,26),(24,27),(28,29)],[(0,27),(1,4),(2,29),(3,5),(6,23),(7,11),(8,12),(9,13),(10,14),(15,19),(16,20),(17,21),(18,22),(24,26),(25,28)],[(1,2),(3,6),(4,25),(5,24),(8,9),(10,19),(11,15),(12,17),(13,16),(14,18),(20,21),(23,26),(27,28)]  # out=6059
[(0,1),(2,3),(4,25),(5,24),(6,23),(7,8),(9,10),(11,12),(13,14),(15,16),(17,18),(19,20),(21,22),(26,27),(28,29)],[(0,4),(1,28),(2,26),(3,27),(5,6),(7,9),(8,10),(11,13),(12,14),(15,17),(16,18),(19,21),(20,22),(23,24),(25,29)],[(0,1),(2,5),(3,6),(4,25),(7,11),(8,12),(9,13),(10,14),(15,19),(16,20),(17,21),(18,22),(23,26),(24,27),(28,29)],[(0,27),(1,4),(2,29),(3,5),(6,23),(7,15),(8,16),(9,19),(10,20),(11,17),(12,18),(13,21),(14,22),(24,26),(25,28)],[(1,2),(3,6),(4,25),(5,24),(8,15),(9,11),(10,17),(12,19),(13,16),(14,21),(18,20),(23,26),(27,28)]  # out=6059
[(0,1),(2,3),(4,25),(5,24),(6,23),(7,22),(8,21),(9,20),(10,19),(11,18),(12,17),(13,16),(14,15),(26,27),(28,29)],[(0,4),(1,28),(2,26),(3,27),(5,6),(7,8),(9,10),(11,12),(13,14),(15,16),(17,18),(19,20),(21,22),(23,24),(25,29)],[(0,1),(2,5),(3,6),(4,25),(7,9),(8,10),(11,13),(12,14),(15,17),(16,18),(19,21),(20,22),(23,26),(24,27),(28,29)],[(0,27),(1,4),(2,29),(3,5),(6,23),(7,11),(8,12),(9,13),(10,14),(15,19),(16,20),(17,21),(18,22),(24,26),(25,28)],[(1,27),(2,28),(3,6),(4,25),(5,24),(8,9),(10,19),(11,15),(12,17),(13,16),(14,18),(20,21),(23,26)]  # out=6059
[(0,1),(2,3),(4,25),(5,24),(6,23),(7,8),(9,10),(11,12),(13,14),(15,16),(17,18),(19,20),(21,22),(26,27),(28,29)],[(0,4),(1,28),(2,26),(3,27),(5,6),(7,9),(8,10),(11,13),(12,14),(15,17),(16,18),(19,21),(20,22),(23,24),(25,29)],[(0,1),(2,5),(3,6),(4,25),(7,11),(8,12),(9,13),(10,14),(15,19),(16,20),(17,21),(18,22),(23,26),(24,27),(28,29)],[(0,27),(1,4),(2,29),(3,5),(6,23),(7,15),(8,16),(9,19),(10,20),(11,17),(12,18),(13,21),(14,22),(24,26),(25,28)],[(1,27),(2,28),(3,6),(4,25),(5,24),(8,15),(9,11),(10,17),(12,19),(13,16),(14,21),(18,20),(23,26)]  # out=6059
[(0,1),(2,3),(4,25),(5,24),(6,23),(7,22),(8,21),(9,20),(10,19),(11,18),(12,17),(13,16),(14,15),(26,27),(28,29)],[(0,4),(1,28),(2,26),(3,27),(5,6),(7,8),(9,10),(11,12),(13,14),(15,16),(17,18),(19,20),(21,22),(23,24),(25,29)],[(0,1),(2,5),(3,6),(4,25),(7,9),(8,10),(11,13),(12,14),(15,17),(16,18),(19,21),(20,22),(23,26),(24,27),(28,29)],[(0,2),(1,4),(3,5),(6,23),(7,11),(8,12),(9,13),(10,14),(15,19),(16,20),(17,21),(18,22),(24,26),(25,28),(27,29)],[(1,2),(3,6),(4,25),(5,24),(8,9),(10,19),(11,15),(12,17),(13,16),(14,18),(20,21),(23,26),(27,28)]  # out=6059
[(0,1),(2,3),(4,25),(5,24),(6,23),(7,8),(9,10),(11,12),(13,14),(15,16),(17,18),(19,20),(21,22),(26,27),(28,29)],[(0,4),(1,28),(2,26),(3,27),(5,6),(7,9),(8,10),(11,13),(12,14),(15,17),(16,18),(19,21),(20,22),(23,24),(25,29)],[(0,1),(2,5),(3,6),(4,25),(7,11),(8,12),(9,13),(10,14),(15,19),(16,20),(17,21),(18,22),(23,26),(24,27),(28,29)],[(0,2),(1,4),(3,5),(6,23),(7,15),(8,16),(9,19),(10,20),(11,17),(12,18),(13,21),(14,22),(24,26),(25,28),(27,29)],[(1,2),(3,6),(4,25),(5,24),(8,15),(9,11),(10,17),(12,19),(13,16),(14,21),(18,20),(23,26),(27,28)]  # out=6059
[(0,1),(2,3),(4,25),(5,24),(6,23),(7,22),(8,21),(9,20),(10,19),(11,18),(12,17),(13,16),(14,15),(26,27),(28,29)],[(0,4),(1,28),(2,26),(3,27),(5,6),(7,8),(9,10),(11,12),(13,14),(15,16),(17,18),(19,20),(21,22),(23,24),(25,29)],[(0,1),(2,5),(3,6),(4,25),(7,9),(8,10),(11,13),(12,14),(15,17),(16,18),(19,21),(20,22),(23,26),(24,27),(28,29)],[(0,2),(1,4),(3,5),(6,23),(7,11),(8,12),(9,13),(10,14),(15,19),(16,20),(17,21),(18,22),(24,26),(25,28),(27,29)],[(1,6),(2,3),(4,5),(8,9),(10,19),(11,15),(12,17),(13,16),(14,18),(20,21),(23,28),(24,25),(26,27)]  # out=6059
[(0,1),(2,3),(4,25),(5,24),(6,23),(7,8),(9,10),(11,12),(13,14),(15,16),(17,18),(19,20),(21,22),(26,27),(28,29)],[(0,4),(1,28),(2,26),(3,27),(5,6),(7,9),(8,10),(11,13),(12,14),(15,17),(16,18),(19,21),(20,22),(23,24),(25,29)],[(0,1),(2,5),(3,6),(4,25),(7,11),(8,12),(9,13),(10,14),(15,19),(16,20),(17,21),(18,22),(23,26),(24,27),(28,29)],[(0,2),(1,4),(3,5),(6,23),(7,15),(8,16),(9,19),(10,20),(11,17),(12,18),(13,21),(14,22),(24,26),(25,28),(27,29)],[(1,6),(2,3),(4,5),(8,15),(9,11),(10,17),(12,19),(13,16),(14,21),(18,20),(23,28),(24,25),(26,27)]  # out=6059
[(0,1),(2,3),(4,25),(5,24),(6,23),(7,22),(8,21),(9,20),(10,19),(11,18),(12,17),(13,16),(14,15),(26,27),(28,29)],[(0,4),(1,28),(2,26),(3,27),(5,6),(7,8),(9,10),(11,12),(13,14),(15,16),(17,18),(19,20),(21,22),(23,24),(25,29)],[(0,1),(2,5),(3,6),(4,25),(7,9),(8,10),(11,13),(12,14),(15,17),(16,18),(19,21),(20,22),(23,26),(24,27),(28,29)],[(0,2),(1,4),(3,5),(6,23),(7,11),(8,12),(9,13),(10,14),(15,19),(16,20),(17,21),(18,22),(24,26),(25,28),(27,29)],[(1,27),(2,28),(3,6),(4,25),(5,24),(8,9),(10,19),(11,15),(12,17),(13,16),(14,18),(20,21),(23,26)]  # out=6059
[(0,1),(2,3),(4,25),(5,24),(6,23),(7,8),(9,10),(11,12),(13,14),(15,16),(17,18),(19,20),(21,22),(26,27),(28,29)],[(0,4),(1,28),(2,26),(3,27),(5,6),(7,9),(8,10),(11,13),(12,14),(15,17),(16,18),(19,21),(20,22),(23,24),(25,29)],[(0,1),(2,5),(3,6),(4,25),(7,11),(8,12),(9,13),(10,14),(15,19),(16,20),(17,21),(18,22),(23,26),(24,27),(28,29)],[(0,2),(1,4),(3,5),(6,23),(7,15),(8,16),(9,19),(10,20),(11,17),(12,18),(13,21),(14,22),(24,26),(25,28),(27,29)],[(1,27),(2,28),(3,6),(4,25),(5,24),(8,15),(9,11),(10,17),(12,19),(13,16),(14,21),(18,20),(23,26)]  # out=6059
[(0,1),(2,3),(4,25),(5,24),(6,23),(7,22),(8,21),(9,20),(10,19),(11,18),(12,17),(13,16),(14,15),(26,27),(28,29)],[(0,4),(1,28),(2,26),(3,27),(5,6),(7,8),(9,10),(11,12),(13,14),(15,16),(17,18),(19,20),(21,22),(23,24),(25,29)],[(0,1),(2,5),(3,6),(4,25),(7,9),(8,10),(11,13),(12,14),(15,17),(16,18),(19,21),(20,22),(23,26),(24,27),(28,29)],[(0,3),(1,4),(5,23),(6,24),(7,11),(8,12),(9,13),(10,14),(15,19),(16,20),(17,21),(18,22),(25,28),(26,29)],[(0,2),(1,5),(3,26),(4,25),(6,23),(8,9),(10,19),(11,15),(12,17),(13,16),(14,18),(20,21),(24,28),(27,29)]  # out=6059
[(0,1),(2,3),(4,25),(5,24),(6,23),(7,8),(9,10),(11,12),(13,14),(15,16),(17,18),(19,20),(21,22),(26,27),(28,29)],[(0,4),(1,28),(2,26),(3,27),(5,6),(7,9),(8,10),(11,13),(12,14),(15,17),(16,18),(19,21),(20,22),(23,24),(25,29)],[(0,1),(2,5),(3,6),(4,25),(7,11),(8,12),(9,13),(10,14),(15,19),(16,20),(17,21),(18,22),(23,26),(24,27),(28,29)],[(0,3),(1,4),(5,23),(6,24),(7,15),(8,16),(9,19),(10,20),(11,17),(12,18),(13,21),(14,22),(25,28),(26,29)],[(0,2),(1,5),(3,26),(4,25),(6,23),(8,15),(9,11),(10,17),(12,19),(13,16),(14,21),(18,20),(24,28),(27,29)]  # out=6059
[(0,1),(2,3),(4,25),(5,24),(6,23),(7,22),(8,21),(9,20),(10,19),(11,18),(12,17),(13,16),(14,15),(26,27),(28,29)],[(0,4),(1,28),(2,26),(3,27),(5,6),(7,8),(9,10),(11,12),(13,14),(15,16),(17,18),(19,20),(21,22),(23,24),(25,29)],[(0,1),(2,5),(3,6),(4,25),(7,9),(8,10),(11,13),(12,14),(15,17),(16,18),(19,21),(20,22),(23,26),(24,27),(28,29)],[(0,3),(1,4),(5,23),(6,24),(7,11),(8,12),(9,13),(10,14),(15,19),(16,20),(17,21),(18,22),(25,28),(26,29)],[(1,6),(3,5),(4,25),(8,9),(10,19),(11,15),(12,17),(13,16),(14,18),(20,21),(23,28),(24,26)]  # out=6059
[(0,1),(2,3),(4,25),(5,24),(6,23),(7,8),(9,10),(11,12),(13,14),(15,16),(17,18),(19,20),(21,22),(26,27),(28,29)],[(0,4),(1,28),(2,26),(3,27),(5,6),(7,9),(8,10),(11,13),(12,14),(15,17),(16,18),(19,21),(20,22),(23,24),(25,29)],[(0,1),(2,5),(3,6),(4,25),(7,11),(8,12),(9,13),(10,14),(15,19),(16,20),(17,21),(18,22),(23,26),(24,27),(28,29)],[(0,3),(1,4),(5,23),(6,24),(7,15),(8,16),(9,19),(10,20),(11,17),(12,18),(13,21),(14,22),(25,28),(26,29)],[(1,6),(3,5),(4,25),(8,15),(9,11),(10,17),(12,19),(13,16),(14,21),(18,20),(23,28),(24,26)]  # out=6059
[(0,1),(2,3),(4,5),(6,23),(7,22),(8,21),(9,20),(10,19),(11,18),(12,17),(13,16),(14,15),(24,25),(26,27),(28,29)],[(0,2),(1,3),(4,6),(5,24),(7,8),(9,10),(11,12),(13,14),(15,16),(17,18),(19,20),(21,22),(23,25),(26,28),(27,29)],[(0,26),(1,28),(2,27),(3,29),(4,5),(6,23),(7,9),(8,10),(11,13),(12,14),(15,17),(16,18),(19,21),(20,22),(24,25)],[(1,5),(2,6),(3,25),(4,26),(7,11),(8,12),(9,13),(10,14),(15,19),(16,20),(17,21),(18,22),(23,27),(24,28)],[(0,4),(1,2),(3,23),(5,24),(6,26),(8,9),(10,19),(11,15),(12,17),(13,16),(14,18),(20,21),(25,29),(27,28)]  # out=6059
[(0,1),(2,3),(4,5),(6,23),(7,8),(9,10),(11,12),(13,14),(15,16),(17,18),(19,20),(21,22),(24,25),(26,27),(28,29)],[(0,2),(1,3),(4,6),(5,24),(7,9),(8,10),(11,13),(12,14),(15,17),(16,18),(19,21),(20,22),(23,25),(26,28),(27,29)],[(0,26),(1,28),(2,27),(3,29),(4,5),(6,23),(7,11),(8,12),(9,13),(10,14),(15,19),(16,20),(17,21),(18,22),(24,25)],[(1,5),(2,6),(3,25),(4,26),(7,15),(8,16),(9,19),(10,20),(11,17),(12,18),(13,21),(14,22),(23,27),(24,28)],[(0,4),(1,2),(3,23),(5,24),(6,26),(8,15),(9,11),(10,17),(12,19),(13,16),(14,21),(18,20),(25,29),(27,28)]  # out=6059
[(0,1),(2,3),(4,5),(6,23),(7,22),(8,21),(9,20),(10,19),(11,18),(12,17),(13,16),(14,15),(24,25),(26,27),(28,29)],[(0,2),(1,3),(4,23),(5,24),(6,25),(7,8),(9,10),(11,12),(13,14),(15,16),(17,18),(19,20),(21,22),(26,28),(27,29)],[(0,26),(1,28),(2,27),(3,29),(4,25),(5,6),(7,9),(8,10),(11,13),(12,14),(15,17),(16,18),(19,21),(20,22),(23,24)],[(1,4),(2,5),(3,23),(6,26),(7,11),(8,12),(9,13),(10,14),(15,19),(16,20),(17,21),(18,22),(24,27),(25,28)],[(0,2),(1,6),(3,5),(4,25),(8,9),(10,19),(11,15),(12,17),(13,16),(14,18),(20,21),(23,28),(24,26),(27,29)]  # out=6059
[(0,1),(2,3),(4,5),(6,23),(7,8),(9,10),(11,12),(13,14),(15,16),(17,18),(19,20),(21,22),(24,25),(26,27),(28,29)],[(0,2),(1,3),(4,23),(5,24),(6,25),(7,9),(8,10),(11,13),(12,14),(15,17),(16,18),(19,21),(20,22),(26,28),(27,29)],[(0,26),(1,28),(2,27),(3,29),(4,25),(5,6),(7,11),(8,12),(9,13),(10,14),(15,19),(16,20),(17,21),(18,22),(23,24)],[(1,4),(2,5),(3,23),(6,26),(7,15),(8,16),(9,19),(10,20),(11,17),(12,18),(13,21),(14,22),(24,27),(25,28)],[(0,2),(1,6),(3,5),(4,25),(8,15),(9,11),(10,17),(12,19),(13,16),(14,21),(18,20),(23,28),(24,26),(27,29)]  # out=6059
[(0,1),(2,3),(4,5),(6,23),(7,22),(8,21),(9,20),(10,19),(11,18),(12,17),(13,16),(14,15),(24,25),(26,27),(28,29)],[(0,2),(1,3),(4,23),(5,24),(6,25),(7,8),(9,10),(11,12),(13,14),(15,16),(17,18),(19,20),(21,22),(26,28),(27,29)],[(0,26),(1,28),(2,27),(3,29),(4,25),(5,6),(7,9),(8,10),(11,13),(12,14),(15,17),(16,18),(19,21),(20,22),(23,24)],[(1,4),(2,5),(3,23),(6,26),(7,11),(8,12),(9,13),(10,14),(15,19),(16,20),(17,21),(18,22),(24,27),(25,28)],[(0,6),(1,2),(3,5),(4,25),(8,9),(10,19),(11,15),(12,17),(13,16),(14,18),(20,21),(23,29),(24,26),(27,28)]  # out=6059
[(0,1),(2,3),(4,5),(6,23),(7,8),(9,10),(11,12),(13,14),(15,16),(17,18),(19,20),(21,22),(24,25),(26,27),(28,29)],[(0,2),(1,3),(4,23),(5,24),(6,25),(7,9),(8,10),(11,13),(12,14),(15,17),(16,18),(19,21),(20,22),(26,28),(27,29)],[(0,26),(1,28),(2,27),(3,29),(4,25),(5,6),(7,11),(8,12),(9,13),(10,14),(15,19),(16,20),(17,21),(18,22),(23,24)],[(1,4),(2,5),(3,23),(6,26),(7,15),(8,16),(9,19),(10,20),(11,17),(12,18),(13,21),(14,22),(24,27),(25,28)],[(0,6),(1,2),(3,5),(4,25),(8,15),(9,11),(10,17),(12,19),(13,16),(14,21),(18,20),(23,29),(24,26),(27,28)]  # out=6059
[(0,1),(2,3),(4,25),(5,24),(6,23),(7,22),(8,21),(9,20),(10,19),(11,18),(12,17),(13,16),(14,15),(26,27),(28,29)],[(0,4),(1,28),(2,26),(3,27),(5,6),(7,8),(9,10),(11,12),(13,14),(15,16),(17,18),(19,20),(21,22),(23,24),(25,29)],[(0,1),(2,5),(3,6),(4,25),(7,9),(8,10),(11,13),(12,14),(15,17),(16,18),(19,21),(20,22),(23,26),(24,27),(28,29)],[(0,3),(1,5),(4,23),(6,25),(7,11),(8,12),(9,13),(10,14),(15,19),(16,20),(17,21),(18,22),(24,28),(26,29)],[(1,4),(3,26),(5,23),(6,24),(8,9),(10,19),(11,15),(12,17),(13,16),(14,18),(20,21),(25,28)]  # out=6059
[(0,1),(2,3),(4,25),(5,24),(6,23),(7,8),(9,10),(11,12),(13,14),(15,16),(17,18),(19,20),(21,22),(26,27),(28,29)],[(0,4),(1,28),(2,26),(3,27),(5,6),(7,9),(8,10),(11,13),(12,14),(15,17),(16,18),(19,21),(20,22),(23,24),(25,29)],[(0,1),(2,5),(3,6),(4,25),(7,11),(8,12),(9,13),(10,14),(15,19),(16,20),(17,21),(18,22),(23,26),(24,27),(28,29)],[(0,3),(1,5),(4,23),(6,25),(7,15),(8,16),(9,19),(10,20),(11,17),(12,18),(13,21),(14,22),(24,28),(26,29)],[(1,4),(3,26),(5,23),(6,24),(8,15),(9,11),(10,17),(12,19),(13,16),(14,21),(18,20),(25,28)]  # out=6059
