# n=30
[(0,29),(1,28),(2,27),(3,26),(4,25),(5,24),(6,23),(7,22),(8,9),(10,19),(11,18),(12,17),(13,16),(14,15),(20,21)],[(0,1),(2,3),(4,5),(6,7),(8,10),(9,20),(11,12),(13,14),(15,16),(17,18),(19,21),(22,23),(24,25),(26,27),(28,29)],[(0,2),(1,3),(4,6),(5,7),(8,9),(10,19),(11,13),(12,14),(15,17),(16,18),(20,21),(22,24),(23,25),(26,28),(27,29)],[(0,4),(1,5),(2,6),(3,7),(8,12),(9,10),(13,15),(14,16),(17,21),(19,20),(22,26),(23,27),(24,28),(25,29)],[(1,2),(3,26),(4,22),(5,24),(6,23),(7,25),(8,11),(9,13),(10,14),(12,17),(15,19),(16,20),(18,21),(27,28)]  # out=5478
[(0,1),(2,3),(4,5),(6,7),(8,9),(10,19),(11,18),(12,17),(13,16),(14,15),(20,21),(22,23),(24,25),(26,27),(28,29)],[(0,2),(1,3),(4,6),(5,7),(8,10),(9,20),(11,12),(13,14),(15,16),(17,18),(19,21),(22,24),(23,25),(26,28),(27,29)],[(0,4),(1,5),(2,6),(3,7),(8,9),(10,19),(11,13),(12,14),(15,17),(16,18),(20,21),(22,26),(23,27),(24,28),(25,29)],[(0,22),(1,23),(2,26),(3,27),(4,24),(5,25),(6,28),(7,29),(8,12),(9,10),(13,15),(14,16),(17,21),(19,20)],[(1,22),(2,4),(3,24),(5,26),(6,23),(7,28),(8,11),(9,13),(10,14),(12,17),(15,19),(16,20),(18,21),(25,27)]  # out=5478
[(0,29),(1,28),(2,27),(3,26),(4,25),(5,24),(6,23),(7,22),(8,9),(10,19),(11,18),(12,17),(13,16),(14,15),(20,21)],[(0,1),(2,3),(4,5),(6,7),(8,10),(9,20),(11,12),(13,14),(15,16),(17,18),(19,21),(22,23),(24,25),(26,27),(28,29)],[(0,2),(1,3),(4,6),(5,7),(8,9),(10,19),(11,13),(12,14),(15,17),(16,18),(20,21),(22,24),(23,25),(26,28),(27,29)],[(0,4),(1,5),(2,6),(3,7),(8,11),(9,10),(12,13),(14,15),(16,17),(18,21),(19,20),(22,26),(23,27),(24,28),(25,29)],[(1,2),(3,26),(4,22),(5,24),(6,23),(7,25),(9,12),(10,13),(11,14),(15,18),(16,19),(17,20),(27,28)]  # out=5727
[(0,1),(2,3),(4,5),(6,7),(8,9),(10,19),(11,18),(12,17),(13,16),(14,15),(20,21),(22,23),(24,25),(26,27),(28,29)],[(0,2),(1,3),(4,6),(5,7),(8,10),(9,20),(11,12),(13,14),(15,16),(17,18),(19,21),(22,24),(23,25),(26,28),(27,29)],[(0,4),(1,5),(2,6),(3,7),(8,9),(10,19),(11,13),(12,14),(15,17),(16,18),(20,21),(22,26),(23,27),(24,28),(25,29)],[(0,22),(1,23),(2,26),(3,27),(4,24),(5,25),(6,28),(7,29),(8,11),(9,10),(12,13),(14,15),(16,17),(18,21),(19,20)],[(1,22),(2,4),(3,24),(5,26),(6,23),(7,28),(9,12),(10,13),(11,14),(15,18),(16,19),(17,20),(25,27)]  # out=5727
[(0,29),(1,28),(2,27),(3,26),(4,25),(5,24),(6,23),(7,22),(8,9),(10,19),(11,18),(12,17),(13,16),(14,15),(20,21)],[(0,1),(2,3),(4,5),(6,7),(8,10),(9,20),(11,12),(13,14),(15,16),(17,18),(19,21),(22,23),(24,25),(26,27),(28,29)],[(0,2),(1,3),(4,6),(5,7),(8,9),(10,19),(11,13),(12,14),(15,17),(16,18),(20,21),(22,24),(23,25),(26,28),(27,29)],[(0,4),(1,5),(2,6),(3,7),(8,12),(9,10),(13,15),(14,16),(17,21),(19,20),(22,26),(23,27),(24,28),(25,29)],[(1,2),(3,26),(4,22),(5,24),(6,23),(7,25),(8,11),(9,14),(10,19),(12,13),(15,20),(16,17),(18,21),(27,28)]  # out=5893
[(0,1),(2,3),(4,5),(6,7),(8,9),(10,19),(11,18),(12,17),(13,16),(14,15),(20,21),(22,23),(24,25),(26,27),(28,29)],[(0,2),(1,3),(4,6),(5,7),(8,10),(9,20),(11,12),(13,14),(15,16),(17,18),(19,21),(22,24),(23,25),(26,28),(27,29)],[(0,4),(1,5),(2,6),(3,7),(8,9),(10,19),(11,13),(12,14),(15,17),(16,18),(20,21),(22,26),(23,27),(24,28),(25,29)],[(0,22),(1,23),(2,26),(3,27),(4,24),(5,25),(6,28),(7,29),(8,12),(9,10),(13,15),(14,16),(17,21),(19,20)],[(1,22),(2,4),(3,24),(5,26),(6,23),(7,28),(8,11),(9,14),(10,19),(12,13),(15,20),(16,17),(18,21),(25,27)]  # out=5893
[(0,29),(1,28),(2,27),(3,26),(4,25),(5,24),(6,23),(7,22),(8,9),(10,19),(11,18),(12,17),(13,16),(14,15),(20,21)],[(0,1),(2,3),(4,5),(6,7),(8,10),(9,20),(11,12),(13,14),(15,16),(17,18),(19,21),(22,23),(24,25),(26,27),(28,29)],[(0,2),(1,3),(4,6),(5,7),(8,9),(10,19),(11,13),(12,14),(15,17),(16,18),(20,21),(22,24),(23,25),(26,28),(27,29)],[(0,4),(1,5),(2,6),(3,7),(8,12),(9,10),(13,15),(14,16),(17,21),(19,20),(22,26),(23,27),(24,28),(25,29)],[(1,2),(3,26),(4,22),(5,24),(6,23),(7,25),(8,11),(9,13),(10,19),(12,15),(14,17),(16,20),(18,21),(27,28)]  # out=5976
[(0,29),(1,28),(2,27),(3,26),(4,25),(5,24),(6,23),(7,22),(8,9),(10,19),(11,18),(12,17),(13,16),(14,15),(20,21)],[(0,1),(2,3),(4,5),(6,7),(8,10),(9,20),(11,12),(13,14),(15,16),(17,18),(19,21),(22,23),(24,25),(26,27),(28,29)],[(0,2),(1,3),(4,6),(5,7),(8,9),(10,19),(11,13),(12,14),(15,17),(16,18),(20,21),(22,24),(23,25),(26,28),(27,29)],[(0,4),(1,5),(2,6),(3,7),(8,12),(9,10),(13,15),(14,16),(17,21),(19,20),(22,26),(23,27),(24,28),(25,29)],[(1,2),(3,26),(4,22),(5,24),(6,23),(7,25),(8,11),(9,16),(10,19),(12,15),(13,20),(14,17),(18,21),(27,28)]  # out=5976
[(0,29),(1,28),(2,27),(3,26),(4,25),(5,24),(6,23),(7,22),(8,9),(10,19),(11,18),(12,17),(13,16),(14,15),(20,21)],[(0,1),(2,3),(4,5),(6,7),(8,10),(9,20),(11,12),(13,14),(15,16),(17,18),(19,21),(22,23),(24,25),(26,27),(28,29)],[(0,2),(1,3),(4,6),(5,7),(8,9),(10,19),(11,13),(12,14),(15,17),(16,18),(20,21),(22,24),(23,25),(26,28),(27,29)],[(0,4),(1,5),(2,6),(3,7),(8,12),(9,10),(13,15),(14,16),(17,21),(19,20),(22,26),(23,27),(24,28),(25,29)],[(1,2),(3,26),(4,22),(5,24),(6,23),(7,25),(9,13),(10,14),(12,17),(15,19),(16,20),(27,28)]  # out=5976
[(0,29),(1,28),(2,27),(3,26),(4,25),(5,24),(6,23),(7,22),(8,9),(10,19),(11,18),(12,17),(13,16),(14,15),(20,21)],[(0,1),(2,3),(4,5),(6,7),(8,10),(9,20),(11,12),(13,14),(15,16),(17,18),(19,21),(22,23),(24,25),(26,27),(28,29)],[(0,2),(1,3),(4,6),(5,7),(8,9),(10,19),(11,13),(12,14),(15,17),(16,18),(20,21),(22,24),(23,25),(26,28),(27,29)],[(0,4),(1,5),(2,6),(3,7),(8,14),(9,10),(12,13),(15,21),(16,17),(19,20),(22,26),(23,27),(24,28),(25,29)],[(1,2),(3,26),(4,22),(5,24),(6,23),(7,25),(8,11),(9,12),(10,19),(13,15),(14,16),(17,20),(18,21),(27,28)]  # out=5976
[(0,29),(1,28),(2,27),(3,26),(4,25),(5,24),(6,23),(7,22),(8,9),(10,19),(11,18),(12,17),(13,16),(14,15),(20,21)],[(0,1),(2,3),(4,5),(6,7),(8,10),(9,20),(11,12),(13,14),(15,16),(17,18),(19,21),(22,23),(24,25),(26,27),(28,29)],[(0,2),(1,3),(4,6),(5,7),(8,9),(10,19),(11,13),(12,14),(15,17),(16,18),(20,21),(22,24),(23,25),(26,28),(27,29)],[(0,4),(1,5),(2,6),(3,7),(8,14),(9,10),(12,13),(15,21),(16,17),(19,20),(22,26),(23,27),(24,28),(25,29)],[(1,2),(3,26),(4,22),(5,24),(6,23),(7,25),(8,12),(9,18),(10,19),(11,20),(13,15),(14,16),(17,21),(27,28)]  # out=5976
[(0,1),(2,3),(4,5),(6,7),(8,9),(10,19),(11,18),(12,17),(13,16),(14,15),(20,21),(22,23),(24,25),(26,27),(28,29)],[(0,2),(1,3),(4,6),(5,7),(8,10),(9,20),(11,12),(13,14),(15,16),(17,18),(19,21),(22,24),(23,25),(26,28),(27,29)],[(0,4),(1,5),(2,6),(3,7),(8,9),(10,19),(11,13),(12,14),(15,17),(16,18),(20,21),(22,26),(23,27),(24,28),(25,29)],[(0,22),(1,23),(2,26),(3,27),(4,24),(5,25),(6,28),(7,29),(8,12),(9,10),(13,15),(14,16),(17,21),(19,20)],[(1,22),(2,4),(3,24),(5,26),(6,23),(7,28),(8,11),(9,13),(10,19),(12,15),(14,17),(16,20),(18,21),(25,27)]  # out=5976
[(0,1),(2,3),(4,5),(6,7),(8,9),(10,19),(11,18),(12,17),(13,16),(14,15),(20,21),(22,23),(24,25),(26,27),(28,29)],[(0,2),(1,3),(4,6),(5,7),(8,10),(9,20),(11,12),(13,14),(15,16),(17,18),(19,21),(22,24),(23,25),(26,28),(27,29)],[(0,4),(1,5),(2,6),(3,7),(8,9),(10,19),(11,13),(12,14),(15,17),(16,18),(20,21),(22,26),(23,27),(24,28),(25,29)],[(0,22),(1,23),(2,26),(3,27),(4,24),(5,25),(6,28),(7,29),(8,12),(9,10),(13,15),(14,16),(17,21),(19,20)],[(1,22),(2,4),(3,24),(5,26),(6,23),(7,28),(8,11),(9,16),(10,19),(12,15),(13,20),(14,17),(18,21),(25,27)]  # out=5976
[(0,1),(2,3),(4,5),(6,7),(8,9),(10,19),(11,18),(12,17),(13,16),(14,15),(20,21),(22,23),(24,25),(26,27),(28,29)],[(0,2),(1,3),(4,6),(5,7),(8,10),(9,20),(11,12),(13,14),(15,16),(17,18),(19,21),(22,24),(23,25),(26,28),(27,29)],[(0,4),(1,5),(2,6),(3,7),(8,9),(10,19),(11,13),(12,14),(15,17),(16,18),(20,21),(22,26),(23,27),(24,28),(25,29)],[(0,22),(1,23),(2,26),(3,27),(4,24),(5,25),(6,28),(7,29),(8,12),(9,10),(13,15),(14,16),(17,21),(19,20)],[(1,22),(2,4),(3,24),(5,26),(6,23),(7,28),(9,13),(10,14),(12,17),(15,19),(16,20),(25,27)]  # out=5976
[(0,1),(2,3),(4,5),(6,7),(8,9),(10,19),(11,18),(12,17),(13,16),(14,15),(20,21),(22,23),(24,25),(26,27),(28,29)],[(0,2),(1,3),(4,6),(5,7),(8,10),(9,20),(11,12),(13,14),(15,16),(17,18),(19,21),(22,24),(23,25),(26,28),(27,29)],[(0,4),(1,5),(2,6),(3,7),(8,9),(10,19),(11,13),(12,14),(15,17),(16,18),(20,21),(22,26),(23,27),(24,28),(25,29)],[(0,22),(1,23),(2,26),(3,27),(4,24),(5,25),(6,28),(7,29),(8,14),(9,10),(12,13),(15,21),(16,17),(19,20)],[(1,22),(2,4),(3,24),(5,26),(6,23),(7,28),(8,11),(9,12),(10,19),(13,15),(14,16),(17,20),(18,21),(25,27)]  # out=5976
[(0,1),(2,3),(4,5),(6,7),(8,9),(10,19),(11,18),(12,17),(13,16),(14,15),(20,21),(22,23),(24,25),(26,27),(28,29)],[(0,2),(1,3),(4,6),(5,7),(8,10),(9,20),(11,12),(13,14),(15,16),(17,18),(19,21),(22,24),(23,25),(26,28),(27,29)],[(0,4),(1,5),(2,6),(3,7),(8,9),(10,19),(11,13),(12,14),(15,17),(16,18),(20,21),(22,26),(23,27),(24,28),(25,29)],[(0,22),(1,23),(2,26),(3,27),(4,24),(5,25),(6,28),(7,29),(8,14),(9,10),(12,13),(15,21),(16,17),(19,20)],[(1,22),(2,4),(3,24),(5,26),(6,23),(7,28),(8,12),(9,18),(10,19),(11,20),(13,15),(14,16),(17,21),(25,27)]  # out=5976
[(0,1),(2,27),(3,26),(4,25),(5,24),(6,23),(7,22),(8,21),(9,20),(10,19),(11,18),(12,17),(13,16),(14,15),(28,29)],[(0,2),(1,28),(3,4),(5,6),(7,8),(9,10),(11,12),(13,14),(15,16),(17,18),(19,20),(21,22),(23,24),(25,26),(27,29)],[(0,1),(2,27),(3,5),(4,6),(7,9),(8,10),(11,13),(12,14),(15,17),(16,18),(19,21),(20,22),(23,25),(24,26),(28,29)],[(0,4),(1,2),(5,23),(6,24),(7,11),(8,12),(9,13),(10,14),(15,19),(16,20),(17,21),(18,22),(25,29),(27,28)],[(0,3),(1,5),(2,6),(4,25),(8,9),(10,19),(11,15),(12,17),(13,16),(14,18),(20,21),(23,27),(24,28),(26,29)]  # out=5478
[(0,1),(2,27),(3,26),(4,25),(5,24),(6,23),(7,8),(9,10),(11,12),(13,14),(15,16),(17,18),(19,20),(21,22),(28,29)],[(0,2),(1,28),(3,4),(5,6),(7,9),(8,10),(11,13),(12,14),(15,17),(16,18),(19,21),(20,22),(23,24),(25,26),(27,29)],[(0,1),(2,27),(3,5),(4,6),(7,11),(8,12),(9,13),(10,14),(15,19),(16,20),(17,21),(18,22),(23,25),(24,26),(28,29)],[(0,4),(1,2),(5,23),(6,24),(7,15),(8,16),(9,19),(10,20),(11,17),(12,18),(13,21),(14,22),(25,29),(27,28)],[(0,3),(1,5),(2,6),(4,25),(8,15),(9,11),(10,17),(12,19),(13,16),(14,21),(18,20),(23,27),(24,28),(26,29)]  # out=5478
[(0,1),(2,27),(3,26),(4,25),(5,24),(6,23),(7,22),(8,21),(9,20),(10,19),(11,18),(12,17),(13,16),(14,15),(28,29)],[(0,2),(1,28),(3,4),(5,6),(7,8),(9,10),(11,12),(13,14),(15,16),(17,18),(19,20),(21,22),(23,24),(25,26),(27,29)],[(0,1),(2,27),(3,5),(4,6),(7,9),(8,10),(11,13),(12,14),(15,17),(16,18),(19,21),(20,22),(23,25),(24,26),(28,29)],[(0,3),(1,2),(4,5),(6,23),(7,11),(8,12),(9,13),(10,14),(15,19),(16,20),(17,21),(18,22),(24,25),(26,29),(27,28)],[(1,4),(2,5),(3,6),(8,9),(10,19),(11,15),(12,17),(13,16),(14,18),(20,21),(23,26),(24,27),(25,28)]  # out=5727
[(0,1),(2,27),(3,26),(4,25),(5,24),(6,23),(7,8),(9,10),(11,12),(13,14),(15,16),(17,18),(19,20),(21,22),(28,29)],[(0,2),(1,28),(3,4),(5,6),(7,9),(8,10),(11,13),(12,14),(15,17),(16,18),(19,21),(20,22),(23,24),(25,26),(27,29)],[(0,1),(2,27),(3,5),(4,6),(7,11),(8,12),(9,13),(10,14),(15,19),(16,20),(17,21),(18,22),(23,25),(24,26),(28,29)],[(0,3),(1,2),(4,5),(6,23),(7,15),(8,16),(9,19),(10,20),(11,17),(12,18),(13,21),(14,22),(24,25),(26,29),(27,28)],[(1,4),(2,5),(3,6),(8,15),(9,11),(10,17),(12,19),(13,16),(14,21),(18,20),(23,26),(24,27),(25,28)]  # out=5727
[(0,1),(2,27),(3,26),(4,25),(5,24),(6,23),(7,22),(8,21),(9,20),(10,19),(11,18),(12,17),(13,16),(14,15),(28,29)],[(0,2),(1,28),(3,4),(5,6),(7,8),(9,10),(11,12),(13,14),(15,16),(17,18),(19,20),(21,22),(23,24),(25,26),(27,29)],[(0,1),(2,27),(3,5),(4,6),(7,9),(8,10),(11,13),(12,14),(15,17),(16,18),(19,21),(20,22),(23,25),(24,26),(28,29)],[(0,4),(1,2),(5,23),(6,24),(7,11),(8,12),(9,13),(10,14),(15,19),(16,20),(17,21),(18,22),(25,29),(27,28)],[(0,3),(1,6),(2,27),(4,5),(8,9),(10,19),(11,15),(12,17),(13,16),(14,18),(20,21),(23,28),(24,25),(26,29)]  # out=5893
[(0,1),(2,27),(3,26),(4,25),(5,24),(6,23),(7,8),(9,10),(11,12),(13,14),(15,16),(17,18),(19,20),(21,22),(28,29)],[(0,2),(1,28),(3,4),(5,6),(7,9),(8,10),(11,13),(12,14),(15,17),(16,18),(19,21),(20,22),(23,24),(25,26),(27,29)],[(0,1),(2,27),(3,5),(4,6),(7,11),(8,12),(9,13),(10,14),(15,19),(16,20),(17,21),(18,22),(23,25),(24,26),(28,29)],[(0,4),(1,2),(5,23),(6,24),(7,15),(8,16),(9,19),(10,20),(11,17),(12,18),(13,21),(14,22),(25,29),(27,28)],[(0,3),(1,6),(2,27),(4,5),(8,15),(9,11),(10,17),(12,19),(13,16),(14,21),(18,20),(23,28),(24,25),(26,29)]  # out=5893
[(0,1),(2,27),(3,26),(4,25),(5,24),(6,23),(7,22),(8,21),(9,20),(10,19),(11,18),(12,17),(13,16),(14,15),(28,29)],[(0,2),(1,28),(3,4),(5,6),(7,8),(9,10),(11,12),(13,14),(15,16),(17,18),(19,20),(21,22),(23,24),(25,26),(27,29)],[(0,1),(2,27),(3,5),(4,6),(7,9),(8,10),(11,13),(12,14),(15,17),(16,18),(19,21),(20,22),(23,25),(24,26),(28,29)],[(0,4),(1,2),(5,23),(6,24),(7,11),(8,12),(9,13),(10,14),(15,19),(16,20),(17,21),(18,22),(25,29),(27,28)],[(0,3),(1,5),(2,27),(4,23),(6,25),(8,9),(10,19),(11,15),(12,17),(13,16),(14,18),(20,21),(24,28),(26,29)]  # out=5976
[(0,1),(2,27),(3,26),(4,25),(5,24),(6,23),(7,8),(9,10),(11,12),(13,14),(15,16),(17,18),(19,20),(21,22),(28,29)],[(0,2),(1,28),(3,4),(5,6),(7,9),(8,10),(11,13),(12,14),(15,17),(16,18),(19,21),(20,22),(23,24),(25,26),(27,29)],[(0,1),(2,27),(3,5),(4,6),(7,11),(8,12),(9,13),(10,14),(15,19),(16,20),(17,21),(18,22),(23,25),(24,26),(28,29)],[(0,4),(1,2),(5,23),(6,24),(7,15),(8,16),(9,19),(10,20),(11,17),(12,18),(13,21),(14,22),(25,29),(27,28)],[(0,3),(1,5),(2,27),(4,23),(6,25),(8,15),(9,11),(10,17),(12,19),(13,16),(14,21),(18,20),(24,28),(26,29)]  # out=5976
[(0,1),(2,27),(3,26),(4,25),(5,24),(6,23),(7,22),(8,21),(9,20),(10,19),(11,18),(12,17),(13,16),(14,15),(28,29)],[(0,2),(1,28),(3,4),(5,6),(7,8),(9,10),(11,12),(13,14),(15,16),(17,18),(19,20),(21,22),(23,24),(25,26),(27,29)],[(0,1),(2,27),(3,5),(4,6),(7,9),(8,10),(11,13),(12,14),(15,17),(16,18),(19,21),(20,22),(23,25),(24,26),(28,29)],[(0,4),(1,2),(5,23),(6,24),(7,11),(8,12),(9,13),(10,14),(15,19),(16,20),(17,21),(18,22),(25,29),(27,28)],[(0,3),(1,24),(2,27),(4,23),(5,28),(6,25),(8,9),(10,19),(11,15),(12,17),(13,16),(14,18),(20,21),(26,29)]  # out=5976
[(0,1),(2,27),(3,26),(4,25),(5,24),(6,23),(7,8),(9,10),(11,12),(13,14),(15,16),(17,18),(19,20),(21,22),(28,29)],[(0,2),(1,28),(3,4),(5,6),(7,9),(8,10),(11,13),(12,14),(15,17),(16,18),(19,21),(20,22),(23,24),(25,26),(27,29)],[(0,1),(2,27),(3,5),(4,6),(7,11),(8,12),(9,13),(10,14),(15,19),(16,20),(17,21),(18,22),(23,25),(24,26),(28,29)],[(0,4),(1,2),(5,23),(6,24),(7,15),(8,16),(9,19),(10,20),(11,17),(12,18),(13,21),(14,22),(25,29),(27,28)],[(0,3),(1,24),(2,27),(4,23),(5,28),(6,25),(8,15),(9,11),(10,17),(12,19),(13,16),(14,21),(18,20),(26,29)]  # out=5976
[(0,1),(2,27),(3,26),(4,25),(5,24),(6,23),(7,22),(8,21),(9,20),(10,19),(11,18),(12,17),(13,16),(14,15),(28,29)],[(0,2),(1,28),(3,4),(5,6),(7,8),(9,10),(11,12),(13,14),(15,16),(17,18),(19,20),(21,22),(23,24),(25,26),(27,29)],[(0,1),(2,27),(3,5),(4,6),(7,9),(8,10),(11,13),(12,14),(15,17),(16,18),(19,21),(20,22),(23,25),(24,26),(28,29)],[(0,4),(1,2),(5,23),(6,24),(7,11),(8,12),(9,13),(10,14),(15,19),(16,20),(17,21),(18,22),(25,29),(27,28)],[(1,5),(2,6),(4,25),(8,9),(10,19),(11,15),(12,17),(13,16),(14,18),(20,21),(23,27),(24,28)]  # out=5976
[(0,1),(2,27),(3,26),(4,25),(5,24),(6,23),(7,8),(9,10),(11,12),(13,14),(15,16),(17,18),(19,20),(21,22),(28,29)],[(0,2),(1,28),(3,4),(5,6),(7,9),(8,10),(11,13),(12,14),(15,17),(16,18),(19,21),(20,22),(23,24),(25,26),(27,29)],[(0,1),(2,27),(3,5),(4,6),(7,11),(8,12),(9,13),(10,14),(15,19),(16,20),(17,21),(18,22),(23,25),(24,26),(28,29)],[(0,4),(1,2),(5,23),(6,24),(7,15),(8,16),(9,19),(10,20),(11,17),(12,18),(13,21),(14,22),(25,29),(27,28)],[(1,5),(2,6),(4,25),(8,15),(9,11),(10,17),(12,19),(13,16),(14,21),(18,20),(23,27),(24,28)]  # out=5976
[(0,1),(2,27),(3,26),(4,25),(5,24),(6,23),(7,22),(8,21),(9,20),(10,19),(11,18),(12,17),(13,16),(14,15),(28,29)],[(0,2),(1,28),(3,4),(5,6),(7,8),(9,10),(11,12),(13,14),(15,16),(17,18),(19,20),(21,22),(23,24),(25,26),(27,29)],[(0,1),(2,27),(3,5),(4,6),(7,9),(8,10),(11,13),(12,14),(15,17),(16,18),(19,21),(20,22),(23,25),(24,26),(28,29)],[(0,6),(1,2),(4,5),(7,11),(8,12),(9,13),(10,14),(15,19),(16,20),(17,21),(18,22),(23,29),(24,25),(27,28)],[(0,3),(1,4),(2,27),(5,23),(6,24),(8,9),(10,19),(11,15),(12,17),(13,16),(14,18),(20,21),(25,28),(26,29)]  # out=5976
[(0,1),(2,27),(3,26),(4,25),(5,24),(6,23),(7,8),(9,10),(11,12),(13,14),(15,16),(17,18),(19,20),(21,22),(28,29)],[(0,2),(1,28),(3,4),(5,6),(7,9),(8,10),(11,13),(12,14),(15,17),(16,18),(19,21),(20,22),(23,24),(25,26),(27,29)],[(0,1),(2,27),(3,5),(4,6),(7,11),(8,12),(9,13),(10,14),(15,19),(16,20),(17,21),(18,22),(23,25),(24,26),(28,29)],[(0,6),(1,2),(4,5),(7,15),(8,16),(9,19),(10,20),(11,17),(12,18),(13,21),(14,22),(23,29),(24,25),(27,28)],[(0,3),(1,4),(2,27),(5,23),(6,24),(8,15),(9,11),(10,17),(12,19),(13,16),(14,21),(18,20),(25,28),(26,29)]  # out=5976
[(0,1),(2,27),(3,26),(4,25),(5,24),(6,23),(7,22),(8,21),(9,20),(10,19),(11,18),(12,17),(13,16),(14,15),(28,29)],[(0,2),(1,28),(3,4),(5,6),(7,8),(9,10),(11,12),(13,14),(15,16),(17,18),(19,20),(21,22),(23,24),(25,26),(27,29)],[(0,1),(2,27),(3,5),(4,6),(7,9),(8,10),(11,13),(12,14),(15,17),(16,18),(19,21),(20,22),(23,25),(24,26),(28,29)],[(0,6),(1,2),(4,5),(7,11),(8,12),(9,13),(10,14),(15,19),(16,20),(17,21),(18,22),(23,29),(24,25),(27,28)],[(0,4),(1,26),(2,27),(3,28),(5,23),(6,24),(8,9),(10,19),(11,15),(12,17),(13,16),(14,18),(20,21),(25,29)]  # out=5976
[(0,1),(2,27),(3,26),(4,25),(5,24),(6,23),(7,8),(9,10),(11,12),(13,14),(15,16),(17,18),(19,20),(21,22),(28,29)],[(0,2),(1,28),(3,4),(5,6),(7,9),(8,10),(11,13),(12,14),(15,17),(16,18),(19,21),(20,22),(23,24),(25,26),(27,29)],[(0,1),(2,27),(3,5),(4,6),(7,11),(8,12),(9,13),(10,14),(15,19),(16,20),(17,21),(18,22),(23,25),(24,26),(28,29)],[(0,6),(1,2),(4,5),(7,15),(8,16),(9,19),(10,20),(11,17),(12,18),(13,21),(14,22),(23,29),(24,25),(27,28)],[(0,4),(1,26),(2,27),(3,28),(5,23),(6,24),(8,15),(9,11),(10,17),(12,19),(13,16),(14,21),(18,20),(25,29)]  # out=5976
