# n=30
# stacked mode=nested
[(0,29),(1,28),(2,27),(3,26),(4,25),(5,24),(6,23),(7,22),(8,9),(10,19),(11,18),(12,17),(13,16),(14,15),(20,21)],[(0,1),(2,3),(4,5),(6,7),(8,10),(9,20),(11,12),(13,14),(15,16),(17,18),(19,21),(22,23),(24,25),(26,27),(28,29)],[(0,2),(1,3),(4,6),(5,7),(8,9),(10,19),(11,13),(12,14),(15,17),(16,18),(20,21),(22,24),(23,25),(26,28),(27,29)],[(0,4),(1,5),(2,6),(3,7),(8,12),(9,10),(13,15),(14,16),(17,21),(19,20),(22,26),(23,27),(24,28),(25,29)],[(1,2),(3,26),(4,22),(5,24),(6,23),(7,25),(8,11),(9,13),(10,14),(12,17),(15,19),(16,20),(18,21),(27,28)]  # out=5478
[(0,1),(2,3),(4,5),(6,7),(8,9),(10,19),(11,18),(12,17),(13,16),(14,15),(20,21),(22,23),(24,25),(26,27),(28,29)],[(0,2),(1,3),(4,6),(5,7),(8,10),(9,20),(11,12),(13,14),(15,16),(17,18),(19,21),(22,24),(23,25),(26,28),(27,29)],[(0,4),(1,5),(2,6),(3,7),(8,9),(10,19),(11,13),(12,14),(15,17),(16,18),(20,21),(22,26),(23,27),(24,28),(25,29)],[(0,22),(1,23),(2,26),(3,27),(4,24),(5,25),(6,28),(7,29),(8,12),(9,10),(13,15),(14,16),(17,21),(19,20)],[(1,22),(2,4),(3,24),(5,26),(6,23),(7,28),(8,11),(9,13),(10,14),(12,17),(15,19),(16,20),(18,21),(25,27)]  # out=5478
[(0,29),(1,28),(2,27),(3,26),(4,25),(5,24),(6,23),(7,22),(8,9),(10,19),(11,18),(12,17),(13,16),(14,15),(20,21)],[(0,1),(2,3),(4,5),(6,7),(8,10),(9,20),(11,12),(13,14),(15,16),(17,18),(19,21),(22,23),(24,25),(26,27),(28,29)],[(0,2),(1,3),(4,6),(5,7),(8,9),(10,19),(11,13),(12,14),(15,17),(16,18),(20,21),(22,24),(23,25),(26,28),(27,29)],[(0,4),(1,5),(2,6),(3,7),(8,11),(9,10),(12,13),(14,15),(16,17),(18,21),(19,20),(22,26),(23,27),(24,28),(25,29)],[(1,2),(3,26),(4,22),(5,24),(6,23),(7,25),(9,12),(10,13),(11,14),(15,18),(16,19),(17,20),(27,28)]  # out=5727
[(0,1),(2,3),(4,5),(6,7),(8,9),(10,19),(11,18),(12,17),(13,16),(14,15),(20,21),(22,23),(24,25),(26,27),(28,29)],[(0,2),(1,3),(4,6),(5,7),(8,10),(9,20),(11,12),(13,14),(15,16),(17,18),(19,21),(22,24),(23,25),(26,28),(27,29)],[(0,4),(1,5),(2,6),(3,7),(8,9),(10,19),(11,13),(12,14),(15,17),(16,18),(20,21),(22,26),(23,27),(24,28),(25,29)],[(0,22),(1,23),(2,26),(3,27),(4,24),(5,25),(6,28),(7,29),(8,11),(9,10),(12,13),(14,15),(16,17),(18,21),(19,20)],[(1,22),(2,4),(3,24),(5,26),(6,23),(7,28),(9,12),(10,13),(11,14),(15,18),(16,19),(17,20),(25,27)]  # out=5727
[(0,29),(1,28),(2,27),(3,26),(4,25),(5,24),(6,23),(7,22),(8,9),(10,19),(11,18),(12,17),(13,16),(14,15),(20,21)],[(0,1),(2,3),(4,5),(6,7),(8,10),(9,20),(11,12),(13,14),(15,16),(17,18),(19,21),(22,23),(24,25),(26,27),(28,29)],[(0,2),(1,3),(4,6),(5,7),(8,9),(10,19),(11,13),(12,14),(15,17),(16,18),(20,21),(22,24),(23,25),(26,28),(27,29)],[(0,4),(1,5),(2,6),(3,7),(8,12),(9,10),(13,15),(14,16),(17,21),(19,20),(22,26),(23,27),(24,28),(25,29)],[(1,2),(3,26),(4,22),(5,24),(6,23),(7,25),(8,11),(9,14),(10,19),(12,13),(15,20),(16,17),(18,21),(27,28)]  # out=5893
[(0,1),(2,3),(4,5),(6,7),(8,9),(10,19),(11,18),(12,17),(13,16),(14,15),(20,21),(22,23),(24,25),(26,27),(28,29)],[(0,2),(1,3),(4,6),(5,7),(8,10),(9,20),(11,12),(13,14),(15,16),(17,18),(19,21),(22,24),(23,25),(26,28),(27,29)],[(0,4),(1,5),(2,6),(3,7),(8,9),(10,19),(11,13),(12,14),(15,17),(16,18),(20,21),(22,26),(23,27),(24,28),(25,29)],[(0,22),(1,23),(2,26),(3,27),(4,24),(5,25),(6,28),(7,29),(8,12),(9,10),(13,15),(14,16),(17,21),(19,20)],[(1,22),(2,4),(3,24),(5,26),(6,23),(7,28),(8,11),(9,14),(10,19),(12,13),(15,20),(16,17),(18,21),(25,27)]  # out=5893
[(0,29),(1,28),(2,27),(3,26),(4,25),(5,24),(6,23),(7,22),(8,9),(10,19),(11,18),(12,17),(13,16),(14,15),(20,21)],[(0,1),(2,3),(4,5),(6,7),(8,10),(9,20),(11,12),(13,14),(15,16),(17,18),(19,21),(22,23),(24,25),(26,27),(28,29)],[(0,2),(1,3),(4,6),(5,7),(8,9),(10,19),(11,13),(12,14),(15,17),(16,18),(20,21),(22,24),(23,25),(26,28),(27,29)],[(0,4),(1,5),(2,6),(3,7),(8,12),(9,10),(13,15),(14,16),(17,21),(19,20),(22,26),(23,27),(24,28),(25,29)],[(1,2),(3,26),(4,22),(5,24),(6,23),(7,25),(8,11),(9,13),(10,19),(12,15),(14,17),(16,20),(18,21),(27,28)]  # out=5976
[(0,29),(1,28),(2,27),(3,26),(4,25),(5,24),(6,23),(7,22),(8,9),(10,19),(11,18),(12,17),(13,16),(14,15),(20,21)],[(0,1),(2,3),(4,5),(6,7),(8,10),(9,20),(11,12),(13,14),(15,16),(17,18),(19,21),(22,23),(24,25),(26,27),(28,29)],[(0,2),(1,3),(4,6),(5,7),(8,9),(10,19),(11,13),(12,14),(15,17),(16,18),(20,21),(22,24),(23,25),(26,28),(27,29)],[(0,4),(1,5),(2,6),(3,7),(8,12),(9,10),(13,15),(14,16),(17,21),(19,20),(22,26),(23,27),(24,28),(25,29)],[(1,2),(3,26),(4,22),(5,24),(6,23),(7,25),(8,11),(9,16),(10,19),(12,15),(13,20),(14,17),(18,21),(27,28)]  # out=5976
[(0,29),(1,28),(2,27),(3,26),(4,25),(5,24),(6,23),(7,22),(8,9),(10,19),(11,18),(12,17),(13,16),(14,15),(20,21)],[(0,1),(2,3),(4,5),(6,7),(8,10),(9,20),(11,12),(13,14),(15,16),(17,18),(19,21),(22,23),(24,25),(26,27),(28,29)],[(0,2),(1,3),(4,6),(5,7),(8,9),(10,19),(11,13),(12,14),(15,17),(16,18),(20,21),(22,24),(23,25),(26,28),(27,29)],[(0,4),(1,5),(2,6),(3,7),(8,12),(9,10),(13,15),(14,16),(17,21),(19,20),(22,26),(23,27),(24,28),(25,29)],[(1,2),(3,26),(4,22),(5,24),(6,23),(7,25),(9,13),(10,14),(12,17),(15,19),(16,20),(27,28)]  # out=5976
[(0,29),(1,28),(2,27),(3,26),(4,25),(5,24),(6,23),(7,22),(8,9),(10,19),(11,18),(12,17),(13,16),(14,15),(20,21)],[(0,1),(2,3),(4,5),(6,7),(8,10),(9,20),(11,12),(13,14),(15,16),(17,18),(19,21),(22,23),(24,25),(26,27),(28,29)],[(0,2),(1,3),(4,6),(5,7),(8,9),(10,19),(11,13),(12,14),(15,17),(16,18),(20,21),(22,24),(23,25),(26,28),(27,29)],[(0,4),(1,5),(2,6),(3,7),(8,14),(9,10),(12,13),(15,21),(16,17),(19,20),(22,26),(23,27),(24,28),(25,29)],[(1,2),(3,26),(4,22),(5,24),(6,23),(7,25),(8,11),(9,12),(10,19),(13,15),(14,16),(17,20),(18,21),(27,28)]  # out=5976
[(0,29),(1,28),(2,27),(3,26),(4,25),(5,24),(6,23),(7,22),(8,9),(10,19),(11,18),(12,17),(13,16),(14,15),(20,21)],[(0,1),(2,3),(4,5),(6,7),(8,10),(9,20),(11,12),(13,14),(15,16),(17,18),(19,21),(22,23),(24,25),(26,27),(28,29)],[(0,2),(1,3),(4,6),(5,7),(8,9),(10,19),(11,13),(12,14),(15,17),(16,18),(20,21),(22,24),(23,25),(26,28),(27,29)],[(0,4),(1,5),(2,6),(3,7),(8,14),(9,10),(12,13),(15,21),(16,17),(19,20),(22,26),(23,27),(24,28),(25,29)],[(1,2),(3,26),(4,22),(5,24),(6,23),(7,25),(8,12),(9,18),(10,19),(11,20),(13,15),(14,16),(17,21),(27,28)]  # out=5976
[(0,1),(2,3),(4,5),(6,7),(8,9),(10,19),(11,18),(12,17),(13,16),(14,15),(20,21),(22,23),(24,25),(26,27),(28,29)],[(0,2),(1,3),(4,6),(5,7),(8,10),(9,20),(11,12),(13,14),(15,16),(17,18),(19,21),(22,24),(23,25),(26,28),(27,29)],[(0,4),(1,5),(2,6),(3,7),(8,9),(10,19),(11,13),(12,14),(15,17),(16,18),(20,21),(22,26),(23,27),(24,28),(25,29)],[(0,22),(1,23),(2,26),(3,27),(4,24),(5,25),(6,28),(7,29),(8,12),(9,10),(13,15),(14,16),(17,21),(19,20)],[(1,22),(2,4),(3,24),(5,26),(6,23),(7,28),(8,11),(9,13),(10,19),(12,15),(14,17),(16,20),(18,21),(25,27)]  # out=5976
[(0,1),(2,3),(4,5),(6,7),(8,9),(10,19),(11,18),(12,17),(13,16),(14,15),(20,21),(22,23),(24,25),(26,27),(28,29)],[(0,2),(1,3),(4,6),(5,7),(8,10),(9,20),(11,12),(13,14),(15,16),(17,18),(19,21),(22,24),(23,25),(26,28),(27,29)],[(0,4),(1,5),(2,6),(3,7),(8,9),(10,19),(11,13),(12,14),(15,17),(16,18),(20,21),(22,26),(23,27),(24,28),(25,29)],[(0,22),(1,23),(2,26),(3,27),(4,24),(5,25),(6,28),(7,29),(8,12),(9,10),(13,15),(14,16),(17,21),(19,20)],[(1,22),(2,4),(3,24),(5,26),(6,23),(7,28),(8,11),(9,16),(10,19),(12,15),(13,20),(14,17),(18,21),(25,27)]  # out=5976
[(0,1),(2,3),(4,5),(6,7),(8,9),(10,19),(11,18),(12,17),(13,16),(14,15),(20,21),(22,23),(24,25),(26,27),(28,29)],[(0,2),(1,3),(4,6),(5,7),(8,10),(9,20),(11,12),(13,14),(15,16),(17,18),(19,21),(22,24),(23,25),(26,28),(27,29)],[(0,4),(1,5),(2,6),(3,7),(8,9),(10,19),(11,13),(12,14),(15,17),(16,18),(20,21),(22,26),(23,27),(24,28),(25,29)],[(0,22),(1,23),(2,26),(3,27),(4,24),(5,25),(6,28),(7,29),(8,12),(9,10),(13,15),(14,16),(17,21),(19,20)],[(1,22),(2,4),(3,24),(5,26),(6,23),(7,28),(9,13),(10,14),(12,17),(15,19),(16,20),(25,27)]  # out=5976
[(0,1),(2,3),(4,5),(6,7),(8,9),(10,19),(11,18),(12,17),(13,16),(14,15),(20,21),(22,23),(24,25),(26,27),(28,29)],[(0,2),(1,3),(4,6),(5,7),(8,10),(9,20),(11,12),(13,14),(15,16),(17,18),(19,21),(22,24),(23,25),(26,28),(27,29)],[(0,4),(1,5),(2,6),(3,7),(8,9),(10,19),(11,13),(12,14),(15,17),(16,18),(20,21),(22,26),(23,27),(24,28),(25,29)],[(0,22),(1,23),(2,26),(3,27),(4,24),(5,25),(6,28),(7,29),(8,14),(9,10),(12,13),(15,21),(16,17),(19,20)],[(1,22),(2,4),(3,24),(5,26),(6,23),(7,28),(8,11),(9,12),(10,19),(13,15),(14,16),(17,20),(18,21),(25,27)]  # out=5976
[(0,1),(2,3),(4,5),(6,7),(8,9),(10,19),(11,18),(12,17),(13,16),(14,15),(20,21),(22,23),(24,25),(26,27),(28,29)],[(0,2),(1,3),(4,6),(5,7),(8,10),(9,20),(11,12),(13,14),(15,16),(17,18),(19,21),(22,24),(23,25),(26,28),(27,29)],[(0,4),(1,5),(2,6),(3,7),(8,9),(10,19),(11,13),(12,14),(15,17),(16,18),(20,21),(22,26),(23,27),(24,28),(25,29)],[(0,22),(1,23),(2,26),(3,27),(4,24),(5,25),(6,28),(7,29),(8,14),(9,10),(12,13),(15,21),(16,17),(19,20)],[(1,22),(2,4),(3,24),(5,26),(6,23),(7,28),(8,12),(9,18),(10,19),(11,20),(13,15),(14,16),(17,21),(25,27)]  # out=5976
