# n=14
# depth=5 sym=1
[(0,1),(2,11),(3,10),(4,9),(5,8),(6,7),(12,13)],[(0,2),(1,12),(3,4),(5,6),(7,8),(9,10),(11,13)],[(0,1),(2,11),(3,5),(4,6),(7,9),(8,10),(12,13)],[(0,4),(1,2),(5,7),(6,8),(9,13),(11,12)],[(0,3),(1,5),(2,6),(4,9),(7,11),(8,12),(10,13)]  # out=66
[(0,1),(2,11),(3,10),(4,9),(5,8),(6,7),(12,13)],[(0,2),(1,12),(3,4),(5,6),(7,8),(9,10),(11,13)],[(0,1),(2,11),(3,5),(4,6),(7,9),(8,10),(12,13)],[(0,3),(1,2),(4,5),(6,7),(8,9),(10,13),(11,12)],[(1,4),(2,5),(3,6),(7,10),(8,11),(9,12)]  # out=69
[(0,1),(2,11),(3,10),(4,9),(5,8),(6,7),(12,13)],[(0,2),(1,12),(3,4),(5,6),(7,8),(9,10),(11,13)],[(0,1),(2,11),(3,5),(4,6),(7,9),(8,10),(12,13)],[(0,4),(1,2),(5,7),(6,8),(9,13),(11,12)],[(0,3),(1,6),(2,11),(4,5),(7,12),(8,9),(10,13)]  # out=71
[(0,1),(2,11),(3,10),(4,9),(5,8),(6,7),(12,13)],[(0,2),(1,12),(3,4),(5,6),(7,8),(9,10),(11,13)],[(0,1),(2,11),(3,5),(4,6),(7,9),(8,10),(12,13)],[(0,4),(1,2),(5,7),(6,8),(9,13),(11,12)],[(0,3),(1,5),(2,11),(4,7),(6,9),(8,12),(10,13)]  # out=72
[(0,1),(2,11),(3,10),(4,9),(5,8),(6,7),(12,13)],[(0,2),(1,12),(3,4),(5,6),(7,8),(9,10),(11,13)],[(0,1),(2,11),(3,5),(4,6),(7,9),(8,10),(12,13)],[(0,4),(1,2),(5,7),(6,8),(9,13),(11,12)],[(0,3),(1,8),(2,11),(4,7),(5,12),(6,9),(10,13)]  # out=72
[(0,1),(2,11),(3,10),(4,9),(5,8),(6,7),(12,13)],[(0,2),(1,12),(3,4),(5,6),(7,8),(9,10),(11,13)],[(0,1),(2,11),(3,5),(4,6),(7,9),(8,10),(12,13)],[(0,4),(1,2),(5,7),(6,8),(9,13),(11,12)],[(1,5),(2,6),(4,9),(7,11),(8,12)]  # out=72
[(0,1),(2,11),(3,10),(4,9),(5,8),(6,7),(12,13)],[(0,2),(1,12),(3,4),(5,6),(7,8),(9,10),(11,13)],[(0,1),(2,11),(3,5),(4,6),(7,9),(8,10),(12,13)],[(0,6),(1,2),(4,5),(7,13),(8,9),(11,12)],[(0,3),(1,4),(2,11),(5,7),(6,8),(9,12),(10,13)]  # out=72
[(0,1),(2,11),(3,10),(4,9),(5,8),(6,7),(12,13)],[(0,2),(1,12),(3,4),(5,6),(7,8),(9,10),(11,13)],[(0,1),(2,11),(3,5),(4,6),(7,9),(8,10),(12,13)],[(0,6),(1,2),(4,5),(7,13),(8,9),(11,12)],[(0,4),(1,10),(2,11),(3,12),(5,7),(6,8),(9,13)]  # out=72
