# n=10
# depth=2 sym=1
[(0,9),(1,8),(2,7),(3,6),(4,5)],[(0,1),(2,3),(6,7),(8,9)]  # out=108
[(0,1),(2,7),(3,6),(4,5),(8,9)],[(0,2),(1,8),(3,4),(5,6),(7,9)]  # out=108
[(0,1),(2,7),(3,6),(4,5),(8,9)],[(0,5),(1,8),(2,3),(4,9),(6,7)]  # out=108
[(0,1),(2,3),(4,5),(6,7),(8,9)],[(0,2),(1,3),(6,8),(7,9)]  # out=108
[(0,1),(2,3),(4,5),(6,7),(8,9)],[(0,2),(1,4),(3,6),(5,8),(7,9)]  # out=123
[(0,1),(2,3),(4,5),(6,7),(8,9)],[(0,2),(1,5),(3,6),(4,8),(7,9)]  # out=123
[(0,1),(2,3),(4,5),(6,7),(8,9)],[(0,3),(1,4),(2,7),(5,8),(6,9)]  # out=123
[(0,1),(2,3),(4,5),(6,7),(8,9)],[(0,3),(1,5),(2,7),(4,8),(6,9)]  # out=123
[(0,9),(1,8),(2,7),(3,6),(4,5)],[(0,1),(2,5),(4,7),(8,9)]  # out=126
[(0,1),(2,7),(3,6),(4,5),(8,9)],[(0,2),(1,8),(3,5),(4,6),(7,9)]  # out=126
[(0,1),(2,7),(3,6),(4,5),(8,9)],[(0,5),(1,8),(2,6),(3,7),(4,9)]  # out=126
[(0,1),(2,7),(3,6),(4,5),(8,9)],[(0,2),(1,5),(4,8),(7,9)]  # out=138
[(0,1),(2,7),(3,6),(4,5),(8,9)],[(0,2),(1,3),(6,8),(7,9)]  # out=141
[(0,1),(2,7),(3,6),(4,5),(8,9)],[(0,5),(1,2),(4,9),(7,8)]  # out=141
[(0,1),(2,3),(4,5),(6,7),(8,9)],[(0,2),(1,6),(3,8),(7,9)]  # out=141
[(0,1),(2,3),(4,5),(6,7),(8,9)],[(0,2),(1,8),(3,6),(7,9)]  # out=141
[(0,9),(1,8),(2,7),(3,6),(4,5)],[(0,5),(1,6),(3,8),(4,9)]  # out=147
[(0,1),(2,3),(4,5),(6,7),(8,9)],[(0,3),(1,2),(6,9),(7,8)]  # out=147
