# n=10
# greedy keep=8
[(0,1),(2,3),(4,5),(6,7),(8,9)],[(0,2),(1,3),(6,8),(7,9)],[(1,2),(7,8)]  # out=75
[(0,1),(2,7),(3,6),(4,5),(8,9)],[(0,5),(1,8),(2,3),(4,9),(6,7)],[(1,4),(5,8)]  # out=78
[(0,1),(2,7),(3,6),(4,5),(8,9)],[(0,2),(1,8),(3,4),(5,6),(7,9)],[(2,4),(5,7)]  # out=83
[(0,9),(1,8),(2,7),(3,6),(4,5)],[(0,1),(2,3),(6,7),(8,9)],[(1,4),(5,8)]  # out=84
[(0,1),(2,7),(3,6),(4,5),(8,9)],[(0,2),(1,8),(3,4),(5,6),(7,9)],[(0,1),(8,9)]  # out=84
[(0,1),(2,7),(3,6),(4,5),(8,9)],[(0,2),(1,8),(3,4),(5,6),(7,9)],[(1,7),(2,8)]  # out=84
[(0,1),(2,7),(3,6),(4,5),(8,9)],[(0,5),(1,8),(2,3),(4,9),(6,7)],[(0,1),(8,9)]  # out=84
[(0,1),(2,3),(4,5),(6,7),(8,9)],[(0,2),(1,3),(6,8),(7,9)],[(1,4),(5,8)]  # out=84
