# n=32
# greedy keep=64
[(0,1),(2,3),(4,5),(6,7),(8,9),(10,11),(12,13),(14,15),(16,17),(18,19),(20,21),(22,23),(24,25),(26,27),(28,29),(30,31)],[(0,2),(1,3),(4,6),(5,7),(8,10),(9,11),(12,14),(13,15),(16,18),(17,19),(20,22),(21,23),(24,26),(25,27),(28,30),(29,31)],[(0,4),(1,5),(2,6),(3,7),(8,12),(9,13),(10,14),(11,15),(16,20),(17,21),(18,22),(19,23),(24,28),(25,29),(26,30),(27,31)],[(0,8),(1,9),(2,10),(3,11),(4,12),(5,13),(6,14),(7,15),(16,24),(17,25),(18,26),(19,27),(20,28),(21,29),(22,30),(23,31)],[(0,16),(1,17),(2,18),(3,19),(4,20),(5,21),(6,22),(7,23),(8,24),(9,25),(10,26),(11,27),(12,28),(13,29),(14,30),(15,31)],[(1,4),(2,8),(3,12),(5,10),(6,9),(7,13),(11,14),(15,16),(17,20),(18,24),(19,28),(21,26),(22,25),(23,29),(27,30)]  # out=2416
[(0,1),(2,3),(4,5),(6,7),(8,9),(10,11),(12,13),(14,15),(16,17),(18,19),(20,21),(22,23),(24,25),(26,27),(28,29),(30,31)],[(0,2),(1,3),(4,6),(5,7),(8,10),(9,11),(12,14),(13,15),(16,18),(17,19),(20,22),(21,23),(24,26),(25,27),(28,30),(29,31)],[(0,4),(1,5),(2,6),(3,7),(8,12),(9,13),(10,14),(11,15),(16,20),(17,21),(18,22),(19,23),(24,28),(25,29),(26,30),(27,31)],[(0,8),(1,9),(2,10),(3,11),(4,12),(5,13),(6,14),(7,15),(16,24),(17,25),(18,26),(19,27),(20,28),(21,29),(22,30),(23,31)],[(0,16),(1,17),(2,18),(3,19),(4,20),(5,21),(6,22),(7,23),(8,24),(9,25),(10,26),(11,27),(12,28),(13,29),(14,30),(15,31)],[(1,4),(2,8),(3,12),(5,26),(6,9),(7,13),(10,21),(11,14),(15,16),(17,20),(18,24),(19,28),(22,25),(23,29),(27,30)]  # out=2516
[(0,1),(2,3),(4,5),(6,7),(8,9),(10,11),(12,13),(14,15),(16,17),(18,19),(20,21),(22,23),(24,25),(26,27),(28,29),(30,31)],[(0,2),(1,3),(4,6),(5,7),(8,10),(9,11),(12,14),(13,15),(16,18),(17,19),(20,22),(21,23),(24,26),(25,27),(28,30),(29,31)],[(0,4),(1,5),(2,6),(3,7),(8,12),(9,13),(10,14),(11,15),(16,20),(17,21),(18,22),(19,23),(24,28),(25,29),(26,30),(27,31)],[(0,8),(1,9),(2,10),(3,11),(4,12),(5,13),(6,14),(7,15),(16,24),(17,25),(18,26),(19,27),(20,28),(21,29),(22,30),(23,31)],[(0,16),(1,17),(2,18),(3,19),(4,20),(5,21),(6,22),(7,23),(8,24),(9,25),(10,26),(11,27),(12,28),(13,29),(14,30),(15,31)],[(1,8),(2,4),(3,5),(6,9),(7,14),(10,12),(11,13),(15,16),(17,24),(18,20),(19,21),(22,25),(23,30),(26,28),(27,29)]  # out=2549
[(0,1),(2,3),(4,5),(6,7),(8,9),(10,11),(12,13),(14,15),(16,17),(18,19),(20,21),(22,23),(24,25),(26,27),(28,29),(30,31)],[(0,2),(1,3),(4,6),(5,7),(8,10),(9,11),(12,14),(13,15),(16,18),(17,19),(20,22),(21,23),(24,26),(25,27),(28,30),(29,31)],[(0,4),(1,5),(2,6),(3,7),(8,12),(9,13),(10,14),(11,15),(16,20),(17,21),(18,22),(19,23),(24,28),(25,29),(26,30),(27,31)],[(0,8),(1,9),(2,10),(3,11),(4,12),(5,13),(6,14),(7,15),(16,24),(17,25),(18,26),(19,27),(20,28),(21,29),(22,30),(23,31)],[(0,16),(1,17),(2,18),(3,19),(4,20),(5,21),(6,22),(7,23),(8,24),(9,25),(10,26),(11,27),(12,28),(13,29),(14,30),(15,31)],[(1,16),(2,4),(3,5),(6,9),(7,14),(8,23),(10,12),(11,13),(15,30),(17,24),(18,20),(19,21),(22,25),(26,28),(27,29)]  # out=2569
[(0,1),(2,3),(4,5),(6,7),(8,9),(10,11),(12,13),(14,15),(16,17),(18,19),(20,21),(22,23),(24,25),(26,27),(28,29),(30,31)],[(0,2),(1,3),(4,6),(5,7),(8,10),(9,11),(12,14),(13,15),(16,18),(17,19),(20,22),(21,23),(24,26),(25,27),(28,30),(29,31)],[(0,4),(1,5),(2,6),(3,7),(8,12),(9,13),(10,14),(11,15),(16,20),(17,21),(18,22),(19,23),(24,28),(25,29),(26,30),(27,31)],[(0,8),(1,9),(2,10),(3,11),(4,12),(5,13),(6,14),(7,15),(16,24),(17,25),(18,26),(19,27),(20,28),(21,29),(22,30),(23,31)],[(0,16),(1,17),(2,18),(3,19),(4,20),(5,21),(6,22),(7,23),(8,24),(9,25),(10,26),(11,27),(12,28),(13,29),(14,30),(15,31)],[(1,4),(2,8),(3,12),(5,26),(6,9),(7,13),(10,16),(11,14),(15,21),(17,20),(18,24),(19,28),(22,25),(23,29),(27,30)]  # out=2590
[(0,1),(2,3),(4,5),(6,7),(8,9),(10,11),(12,13),(14,15),(16,17),(18,19),(20,21),(22,23),(24,25),(26,27),(28,29),(30,31)],[(0,2),(1,3),(4,6),(5,7),(8,10),(9,11),(12,14),(13,15),(16,18),(17,19),(20,22),(21,23),(24,26),(25,27),(28,30),(29,31)],[(0,4),(1,5),(2,6),(3,7),(8,12),(9,13),(10,14),(11,15),(16,20),(17,21),(18,22),(19,23),(24,28),(25,29),(26,30),(27,31)],[(0,8),(1,9),(2,10),(3,11),(4,12),(5,13),(6,14),(7,15),(16,24),(17,25),(18,26),(19,27),(20,28),(21,29),(22,30),(23,31)],[(0,16),(1,17),(2,18),(3,19),(4,20),(5,21),(6,22),(7,23),(8,24),(9,25),(10,26),(11,27),(12,28),(13,29),(14,30),(15,31)],[(1,30),(2,4),(3,5),(6,9),(7,14),(8,23),(10,12),(11,13),(15,16),(17,24),(18,20),(19,21),(22,25),(26,28),(27,29)]  # out=2595
[(0,1),(2,3),(4,5),(6,7),(8,9),(10,11),(12,13),(14,15),(16,17),(18,19),(20,21),(22,23),(24,25),(26,27),(28,29),(30,31)],[(0,2),(1,3),(4,6),(5,7),(8,10),(9,11),(12,14),(13,15),(16,18),(17,19),(20,22),(21,23),(24,26),(25,27),(28,30),(29,31)],[(0,4),(1,5),(2,6),(3,7),(8,12),(9,13),(10,14),(11,15),(16,20),(17,21),(18,22),(19,23),(24,28),(25,29),(26,30),(27,31)],[(0,8),(1,9),(2,10),(3,11),(4,12),(5,13),(6,14),(7,15),(16,24),(17,25),(18,26),(19,27),(20,28),(21,29),(22,30),(23,31)],[(0,16),(1,17),(2,18),(3,19),(4,20),(5,21),(6,22),(7,23),(8,24),(9,25),(10,26),(11,27),(12,28),(13,29),(14,30),(15,31)],[(1,4),(2,16),(3,12),(5,10),(6,9),(7,13),(8,23),(11,14),(15,29),(17,20),(18,24),(19,28),(21,26),(22,25),(27,30)]  # out=2631
[(0,1),(2,3),(4,5),(6,7),(8,9),(10,11),(12,13),(14,15),(16,17),(18,19),(20,21),(22,23),(24,25),(26,27),(28,29),(30,31)],[(0,2),(1,3),(4,6),(5,7),(8,10),(9,11),(12,14),(13,15),(16,18),(17,19),(20,22),(21,23),(24,26),(25,27),(28,30),(29,31)],[(0,4),(1,5),(2,6),(3,7),(8,12),(9,13),(10,14),(11,15),(16,20),(17,21),(18,22),(19,23),(24,28),(25,29),(26,30),(27,31)],[(0,8),(1,9),(2,10),(3,11),(4,12),(5,13),(6,14),(7,15),(16,24),(17,25),(18,26),(19,27),(20,28),(21,29),(22,30),(23,31)],[(0,16),(1,17),(2,18),(3,19),(4,20),(5,21),(6,22),(7,23),(8,24),(9,25),(10,26),(11,27),(12,28),(13,29),(14,30),(15,31)],[(1,8),(2,4),(3,5),(6,25),(7,14),(9,22),(10,12),(11,13),(15,16),(17,24),(18,20),(19,21),(23,30),(26,28),(27,29)]  # out=2644
[(0,1),(2,3),(4,5),(6,7),(8,9),(10,11),(12,13),(14,15),(16,17),(18,19),(20,21),(22,23),(24,25),(26,27),(28,29),(30,31)],[(0,2),(1,3),(4,6),(5,7),(8,10),(9,11),(12,14),(13,15),(16,18),(17,19),(20,22),(21,23),(24,26),(25,27),(28,30),(29,31)],[(0,4),(1,5),(2,6),(3,7),(8,12),(9,13),(10,14),(11,15),(16,20),(17,21),(18,22),(19,23),(24,28),(25,29),(26,30),(27,31)],[(0,8),(1,9),(2,10),(3,11),(4,12),(5,13),(6,14),(7,15),(16,24),(17,25),(18,26),(19,27),(20,28),(21,29),(22,30),(23,31)],[(0,16),(1,17),(2,18),(3,19),(4,20),(5,21),(6,22),(7,23),(8,24),(9,25),(10,26),(11,27),(12,28),(13,29),(14,30),(15,31)],[(1,4),(2,8),(3,12),(5,26),(6,9),(7,13),(11,14),(15,16),(17,20),(18,24),(19,28),(22,25),(23,29),(27,30)]  # out=2645
[(0,1),(2,3),(4,5),(6,7),(8,9),(10,11),(12,13),(14,15),(16,17),(18,19),(20,21),(22,23),(24,25),(26,27),(28,29),(30,31)],[(0,2),(1,3),(4,6),(5,7),(8,10),(9,11),(12,14),(13,15),(16,18),(17,19),(20,22),(21,23),(24,26),(25,27),(28,30),(29,31)],[(0,4),(1,5),(2,6),(3,7),(8,12),(9,13),(10,14),(11,15),(16,20),(17,21),(18,22),(19,23),(24,28),(25,29),(26,30),(27,31)],[(0,8),(1,9),(2,10),(3,11),(4,12),(5,13),(6,14),(7,15),(16,24),(17,25),(18,26),(19,27),(20,28),(21,29),(22,30),(23,31)],[(0,16),(1,17),(2,18),(3,19),(4,20),(5,21),(6,22),(7,23),(8,24),(9,25),(10,26),(11,27),(12,28),(13,29),(14,30),(15,31)],[(1,2),(3,12),(4,8),(5,10),(6,9),(7,13),(11,14),(15,16),(17,20),(18,24),(19,28),(21,26),(22,25),(23,27),(29,30)]  # out=2662
[(0,1),(2,3),(4,5),(6,7),(8,9),(10,11),(12,13),(14,15),(16,17),(18,19),(20,21),(22,23),(24,25),(26,27),(28,29),(30,31)],[(0,2),(1,3),(4,6),(5,7),(8,10),(9,11),(12,14),(13,15),(16,18),(17,19),(20,22),(21,23),(24,26),(25,27),(28,30),(29,31)],[(0,4),(1,5),(2,6),(3,7),(8,12),(9,13),(10,14),(11,15),(16,20),(17,21),(18,22),(19,23),(24,28),(25,29),(26,30),(27,31)],[(0,8),(1,9),(2,10),(3,11),(4,12),(5,13),(6,14),(7,15),(16,24),(17,25),(18,26),(19,27),(20,28),(21,29),(22,30),(23,31)],[(0,16),(1,17),(2,18),(3,19),(4,20),(5,21),(6,22),(7,23),(8,24),(9,25),(10,26),(11,27),(12,28),(13,29),(14,30),(15,31)],[(1,16),(2,4),(3,5),(6,25),(7,14),(8,23),(9,22),(10,12),(11,13),(15,30),(17,24),(18,20),(19,21),(26,28),(27,29)]  # out=2664
[(0,1),(2,3),(4,5),(6,7),(8,9),(10,11),(12,13),(14,15),(16,17),(18,19),(20,21),(22,23),(24,25),(26,27),(28,29),(30,31)],[(0,2),(1,3),(4,6),(5,7),(8,10),(9,11),(12,14),(13,15),(16,18),(17,19),(20,22),(21,23),(24,26),(25,27),(28,30),(29,31)],[(0,4),(1,5),(2,6),(3,7),(8,12),(9,13),(10,14),(11,15),(16,20),(17,21),(18,22),(19,23),(24,28),(25,29),(26,30),(27,31)],[(0,8),(1,9),(2,10),(3,11),(4,12),(5,13),(6,14),(7,15),(16,24),(17,25),(18,26),(19,27),(20,28),(21,29),(22,30),(23,31)],[(0,16),(1,17),(2,18),(3,19),(4,20),(5,21),(6,22),(7,23),(8,24),(9,25),(10,26),(11,27),(12,28),(13,29),(14,30),(15,31)],[(1,30),(2,4),(3,5),(6,25),(7,14),(8,23),(9,22),(10,12),(11,13),(15,16),(17,24),(18,20),(19,21),(26,28),(27,29)]  # out=2690
[(0,1),(2,3),(4,5),(6,7),(8,9),(10,11),(12,13),(14,15),(16,17),(18,19),(20,21),(22,23),(24,25),(26,27),(28,29),(30,31)],[(0,2),(1,3),(4,6),(5,7),(8,10),(9,11),(12,14),(13,15),(16,18),(17,19),(20,22),(21,23),(24,26),(25,27),(28,30),(29,31)],[(0,4),(1,5),(2,6),(3,7),(8,12),(9,13),(10,14),(11,15),(16,20),(17,21),(18,22),(19,23),(24,28),(25,29),(26,30),(27,31)],[(0,8),(1,9),(2,10),(3,11),(4,12),(5,13),(6,14),(7,15),(16,24),(17,25),(18,26),(19,27),(20,28),(21,29),(22,30),(23,31)],[(0,16),(1,17),(2,18),(3,19),(4,20),(5,21),(6,22),(7,23),(8,24),(9,25),(10,26),(11,27),(12,28),(13,29),(14,30),(15,31)],[(1,8),(2,4),(3,5),(6,16),(7,14),(9,22),(10,12),(11,13),(15,25),(17,24),(18,20),(19,21),(23,30),(26,28),(27,29)]  # out=2716
[(0,1),(2,3),(4,5),(6,7),(8,9),(10,11),(12,13),(14,15),(16,17),(18,19),(20,21),(22,23),(24,25),(26,27),(28,29),(30,31)],[(0,2),(1,3),(4,6),(5,7),(8,10),(9,11),(12,14),(13,15),(16,18),(17,19),(20,22),(21,23),(24,26),(25,27),(28,30),(29,31)],[(0,4),(1,5),(2,6),(3,7),(8,12),(9,13),(10,14),(11,15),(16,20),(17,21),(18,22),(19,23),(24,28),(25,29),(26,30),(27,31)],[(0,8),(1,9),(2,10),(3,11),(4,12),(5,13),(6,14),(7,15),(16,24),(17,25),(18,26),(19,27),(20,28),(21,29),(22,30),(23,31)],[(0,16),(1,17),(2,18),(3,19),(4,20),(5,21),(6,22),(7,23),(8,24),(9,25),(10,26),(11,27),(12,28),(13,29),(14,30),(15,31)],[(1,16),(2,4),(3,5),(6,8),(7,14),(9,22),(10,12),(11,13),(15,30),(17,24),(18,20),(19,21),(23,25),(26,28),(27,29)]  # out=2718
[(0,1),(2,3),(4,5),(6,7),(8,9),(10,11),(12,13),(14,15),(16,17),(18,19),(20,21),(22,23),(24,25),(26,27),(28,29),(30,31)],[(0,2),(1,3),(4,6),(5,7),(8,10),(9,11),(12,14),(13,15),(16,18),(17,19),(20,22),(21,23),(24,26),(25,27),(28,30),(29,31)],[(0,4),(1,5),(2,6),(3,7),(8,12),(9,13),(10,14),(11,15),(16,20),(17,21),(18,22),(19,23),(24,28),(25,29),(26,30),(27,31)],[(0,8),(1,9),(2,10),(3,11),(4,12),(5,13),(6,14),(7,15),(16,24),(17,25),(18,26),(19,27),(20,28),(21,29),(22,30),(23,31)],[(0,16),(1,17),(2,18),(3,19),(4,20),(5,21),(6,22),(7,23),(8,24),(9,25),(10,26),(11,27),(12,28),(13,29),(14,30),(15,31)],[(1,4),(2,8),(3,12),(6,9),(7,13),(10,16),(11,14),(15,21),(17,20),(18,24),(19,28),(22,25),(23,29),(27,30)]  # out=2719
[(0,1),(2,3),(4,5),(6,7),(8,9),(10,11),(12,13),(14,15),(16,17),(18,19),(20,21),(22,23),(24,25),(26,27),(28,29),(30,31)],[(0,2),(1,3),(4,6),(5,7),(8,10),(9,11),(12,14),(13,15),(16,18),(17,19),(20,22),(21,23),(24,26),(25,27),(28,30),(29,31)],[(0,4),(1,5),(2,6),(3,7),(8,12),(9,13),(10,14),(11,15),(16,20),(17,21),(18,22),(19,23),(24,28),(25,29),(26,30),(27,31)],[(0,8),(1,9),(2,10),(3,11),(4,12),(5,13),(6,14),(7,15),(16,24),(17,25),(18,26),(19,27),(20,28),(21,29),(22,30),(23,31)],[(0,16),(1,17),(2,18),(3,19),(4,20),(5,21),(6,22),(7,23),(8,24),(9,25),(10,26),(11,27),(12,28),(13,29),(14,30),(15,31)],[(1,16),(2,4),(3,5),(6,9),(7,24),(8,23),(10,12),(11,13),(14,17),(15,30),(18,20),(19,21),(22,25),(26,28),(27,29)]  # out=2723
[(0,1),(2,3),(4,5),(6,7),(8,9),(10,11),(12,13),(14,15),(16,17),(18,19),(20,21),(22,23),(24,25),(26,27),(28,29),(30,31)],[(0,2),(1,3),(4,6),(5,7),(8,10),(9,11),(12,14),(13,15),(16,18),(17,19),(20,22),(21,23),(24,26),(25,27),(28,30),(29,31)],[(0,4),(1,5),(2,6),(3,7),(8,12),(9,13),(10,14),(11,15),(16,20),(17,21),(18,22),(19,23),(24,28),(25,29),(26,30),(27,31)],[(0,8),(1,9),(2,10),(3,11),(4,12),(5,13),(6,14),(7,15),(16,24),(17,25),(18,26),(19,27),(20,28),(21,29),(22,30),(23,31)],[(0,16),(1,17),(2,18),(3,19),(4,20),(5,21),(6,22),(7,23),(8,24),(9,25),(10,26),(11,27),(12,28),(13,29),(14,30),(15,31)],[(1,8),(2,4),(3,5),(6,9),(7,24),(10,12),(11,13),(14,17),(15,16),(18,20),(19,21),(22,25),(23,30),(26,28),(27,29)]  # out=2723
[(0,1),(2,3),(4,5),(6,7),(8,9),(10,11),(12,13),(14,15),(16,17),(18,19),(20,21),(22,23),(24,25),(26,27),(28,29),(30,31)],[(0,2),(1,3),(4,6),(5,7),(8,10),(9,11),(12,14),(13,15),(16,18),(17,19),(20,22),(21,23),(24,26),(25,27),(28,30),(29,31)],[(0,4),(1,5),(2,6),(3,7),(8,12),(9,13),(10,14),(11,15),(16,20),(17,21),(18,22),(19,23),(24,28),(25,29),(26,30),(27,31)],[(0,8),(1,9),(2,10),(3,11),(4,12),(5,13),(6,14),(7,15),(16,24),(17,25),(18,26),(19,27),(20,28),(21,29),(22,30),(23,31)],[(0,16),(1,17),(2,18),(3,19),(4,20),(5,21),(6,22),(7,23),(8,24),(9,25),(10,26),(11,27),(12,28),(13,29),(14,30),(15,31)],[(1,8),(2,4),(3,5),(6,25),(7,14),(9,16),(10,12),(11,13),(15,22),(17,24),(18,20),(19,21),(23,30),(26,28),(27,29)]  # out=2725
[(0,1),(2,3),(4,5),(6,7),(8,9),(10,11),(12,13),(14,15),(16,17),(18,19),(20,21),(22,23),(24,25),(26,27),(28,29),(30,31)],[(0,2),(1,3),(4,6),(5,7),(8,10),(9,11),(12,14),(13,15),(16,18),(17,19),(20,22),(21,23),(24,26),(25,27),(28,30),(29,31)],[(0,4),(1,5),(2,6),(3,7),(8,12),(9,13),(10,14),(11,15),(16,20),(17,21),(18,22),(19,23),(24,28),(25,29),(26,30),(27,31)],[(0,8),(1,9),(2,10),(3,11),(4,12),(5,13),(6,14),(7,15),(16,24),(17,25),(18,26),(19,27),(20,28),(21,29),(22,30),(23,31)],[(0,16),(1,17),(2,18),(3,19),(4,20),(5,21),(6,22),(7,23),(8,24),(9,25),(10,26),(11,27),(12,28),(13,29),(14,30),(15,31)],[(1,4),(2,16),(3,12),(5,26),(6,9),(7,13),(8,23),(10,21),(11,14),(15,29),(17,20),(18,24),(19,28),(22,25),(27,30)]  # out=2731
[(0,1),(2,3),(4,5),(6,7),(8,9),(10,11),(12,13),(14,15),(16,17),(18,19),(20,21),(22,23),(24,25),(26,27),(28,29),(30,31)],[(0,2),(1,3),(4,6),(5,7),(8,10),(9,11),(12,14),(13,15),(16,18),(17,19),(20,22),(21,23),(24,26),(25,27),(28,30),(29,31)],[(0,4),(1,5),(2,6),(3,7),(8,12),(9,13),(10,14),(11,15),(16,20),(17,21),(18,22),(19,23),(24,28),(25,29),(26,30),(27,31)],[(0,8),(1,9),(2,10),(3,11),(4,12),(5,13),(6,14),(7,15),(16,24),(17,25),(18,26),(19,27),(20,28),(21,29),(22,30),(23,31)],[(0,16),(1,17),(2,18),(3,19),(4,20),(5,21),(6,22),(7,23),(8,24),(9,25),(10,26),(11,27),(12,28),(13,29),(14,30),(15,31)],[(1,2),(3,5),(4,8),(6,9),(7,14),(10,12),(11,13),(15,16),(17,24),(18,20),(19,21),(22,25),(23,27),(26,28),(29,30)]  # out=2734
[(0,1),(2,3),(4,5),(6,7),(8,9),(10,11),(12,13),(14,15),(16,17),(18,19),(20,21),(22,23),(24,25),(26,27),(28,29),(30,31)],[(0,2),(1,3),(4,6),(5,7),(8,10),(9,11),(12,14),(13,15),(16,18),(17,19),(20,22),(21,23),(24,26),(25,27),(28,30),(29,31)],[(0,4),(1,5),(2,6),(3,7),(8,12),(9,13),(10,14),(11,15),(16,20),(17,21),(18,22),(19,23),(24,28),(25,29),(26,30),(27,31)],[(0,8),(1,9),(2,10),(3,11),(4,12),(5,13),(6,14),(7,15),(16,24),(17,25),(18,26),(19,27),(20,28),(21,29),(22,30),(23,31)],[(0,16),(1,17),(2,18),(3,19),(4,20),(5,21),(6,22),(7,23),(8,24),(9,25),(10,26),(11,27),(12,28),(13,29),(14,30),(15,31)],[(1,16),(2,4),(3,5),(6,9),(7,17),(8,23),(10,12),(11,13),(14,24),(15,30),(18,20),(19,21),(22,25),(26,28),(27,29)]  # out=2739
[(0,1),(2,3),(4,5),(6,7),(8,9),(10,11),(12,13),(14,15),(16,17),(18,19),(20,21),(22,23),(24,25),(26,27),(28,29),(30,31)],[(0,2),(1,3),(4,6),(5,7),(8,10),(9,11),(12,14),(13,15),(16,18),(17,19),(20,22),(21,23),(24,26),(25,27),(28,30),(29,31)],[(0,4),(1,5),(2,6),(3,7),(8,12),(9,13),(10,14),(11,15),(16,20),(17,21),(18,22),(19,23),(24,28),(25,29),(26,30),(27,31)],[(0,8),(1,9),(2,10),(3,11),(4,12),(5,13),(6,14),(7,15),(16,24),(17,25),(18,26),(19,27),(20,28),(21,29),(22,30),(23,31)],[(0,16),(1,17),(2,18),(3,19),(4,20),(5,21),(6,22),(7,23),(8,24),(9,25),(10,26),(11,27),(12,28),(13,29),(14,30),(15,31)],[(1,8),(2,4),(3,5),(6,9),(7,17),(10,12),(11,13),(14,24),(15,16),(18,20),(19,21),(22,25),(23,30),(26,28),(27,29)]  # out=2739
[(0,1),(2,3),(4,5),(6,7),(8,9),(10,11),(12,13),(14,15),(16,17),(18,19),(20,21),(22,23),(24,25),(26,27),(28,29),(30,31)],[(0,2),(1,3),(4,6),(5,7),(8,10),(9,11),(12,14),(13,15),(16,18),(17,19),(20,22),(21,23),(24,26),(25,27),(28,30),(29,31)],[(0,4),(1,5),(2,6),(3,7),(8,12),(9,13),(10,14),(11,15),(16,20),(17,21),(18,22),(19,23),(24,28),(25,29),(26,30),(27,31)],[(0,8),(1,9),(2,10),(3,11),(4,12),(5,13),(6,14),(7,15),(16,24),(17,25),(18,26),(19,27),(20,28),(21,29),(22,30),(23,31)],[(0,16),(1,17),(2,18),(3,19),(4,20),(5,21),(6,22),(7,23),(8,24),(9,25),(10,26),(11,27),(12,28),(13,29),(14,30),(15,31)],[(1,6),(2,4),(3,5),(7,14),(8,23),(9,22),(10,12),(11,13),(15,16),(17,24),(18,20),(19,21),(25,30),(26,28),(27,29)]  # out=2742
[(0,1),(2,3),(4,5),(6,7),(8,9),(10,11),(12,13),(14,15),(16,17),(18,19),(20,21),(22,23),(24,25),(26,27),(28,29),(30,31)],[(0,2),(1,3),(4,6),(5,7),(8,10),(9,11),(12,14),(13,15),(16,18),(17,19),(20,22),(21,23),(24,26),(25,27),(28,30),(29,31)],[(0,4),(1,5),(2,6),(3,7),(8,12),(9,13),(10,14),(11,15),(16,20),(17,21),(18,22),(19,23),(24,28),(25,29),(26,30),(27,31)],[(0,8),(1,9),(2,10),(3,11),(4,12),(5,13),(6,14),(7,15),(16,24),(17,25),(18,26),(19,27),(20,28),(21,29),(22,30),(23,31)],[(0,16),(1,17),(2,18),(3,19),(4,20),(5,21),(6,22),(7,23),(8,24),(9,25),(10,26),(11,27),(12,28),(13,29),(14,30),(15,31)],[(1,30),(2,4),(3,5),(6,9),(7,24),(8,23),(10,12),(11,13),(14,17),(15,16),(18,20),(19,21),(22,25),(26,28),(27,29)]  # out=2749
[(0,1),(2,3),(4,5),(6,7),(8,9),(10,11),(12,13),(14,15),(16,17),(18,19),(20,21),(22,23),(24,25),(26,27),(28,29),(30,31)],[(0,2),(1,3),(4,6),(5,7),(8,10),(9,11),(12,14),(13,15),(16,18),(17,19),(20,22),(21,23),(24,26),(25,27),(28,30),(29,31)],[(0,4),(1,5),(2,6),(3,7),(8,12),(9,13),(10,14),(11,15),(16,20),(17,21),(18,22),(19,23),(24,28),(25,29),(26,30),(27,31)],[(0,8),(1,9),(2,10),(3,11),(4,12),(5,13),(6,14),(7,15),(16,24),(17,25),(18,26),(19,27),(20,28),(21,29),(22,30),(23,31)],[(0,16),(1,17),(2,18),(3,19),(4,20),(5,21),(6,22),(7,23),(8,24),(9,25),(10,26),(11,27),(12,28),(13,29),(14,30),(15,31)],[(1,2),(3,12),(4,16),(5,10),(6,9),(7,13),(8,23),(11,14),(15,27),(17,20),(18,24),(19,28),(21,26),(22,25),(29,30)]  # out=2754
[(0,1),(2,3),(4,5),(6,7),(8,9),(10,11),(12,13),(14,15),(16,17),(18,19),(20,21),(22,23),(24,25),(26,27),(28,29),(30,31)],[(0,2),(1,3),(4,6),(5,7),(8,10),(9,11),(12,14),(13,15),(16,18),(17,19),(20,22),(21,23),(24,26),(25,27),(28,30),(29,31)],[(0,4),(1,5),(2,6),(3,7),(8,12),(9,13),(10,14),(11,15),(16,20),(17,21),(18,22),(19,23),(24,28),(25,29),(26,30),(27,31)],[(0,8),(1,9),(2,10),(3,11),(4,12),(5,13),(6,14),(7,15),(16,24),(17,25),(18,26),(19,27),(20,28),(21,29),(22,30),(23,31)],[(0,16),(1,17),(2,18),(3,19),(4,20),(5,21),(6,22),(7,23),(8,24),(9,25),(10,26),(11,27),(12,28),(13,29),(14,30),(15,31)],[(1,4),(2,5),(3,12),(6,9),(7,13),(8,16),(10,21),(11,14),(15,23),(17,20),(18,24),(19,28),(22,25),(26,29),(27,30)]  # out=2755
[(0,1),(2,3),(4,5),(6,7),(8,9),(10,11),(12,13),(14,15),(16,17),(18,19),(20,21),(22,23),(24,25),(26,27),(28,29),(30,31)],[(0,2),(1,3),(4,6),(5,7),(8,10),(9,11),(12,14),(13,15),(16,18),(17,19),(20,22),(21,23),(24,26),(25,27),(28,30),(29,31)],[(0,4),(1,5),(2,6),(3,7),(8,12),(9,13),(10,14),(11,15),(16,20),(17,21),(18,22),(19,23),(24,28),(25,29),(26,30),(27,31)],[(0,8),(1,9),(2,10),(3,11),(4,12),(5,13),(6,14),(7,15),(16,24),(17,25),(18,26),(19,27),(20,28),(21,29),(22,30),(23,31)],[(0,16),(1,17),(2,18),(3,19),(4,20),(5,21),(6,22),(7,23),(8,24),(9,25),(10,26),(11,27),(12,28),(13,29),(14,30),(15,31)],[(1,30),(2,4),(3,5),(6,16),(7,14),(8,23),(9,22),(10,12),(11,13),(15,25),(17,24),(18,20),(19,21),(26,28),(27,29)]  # out=2760
[(0,1),(2,3),(4,5),(6,7),(8,9),(10,11),(12,13),(14,15),(16,17),(18,19),(20,21),(22,23),(24,25),(26,27),(28,29),(30,31)],[(0,2),(1,3),(4,6),(5,7),(8,10),(9,11),(12,14),(13,15),(16,18),(17,19),(20,22),(21,23),(24,26),(25,27),(28,30),(29,31)],[(0,4),(1,5),(2,6),(3,7),(8,12),(9,13),(10,14),(11,15),(16,20),(17,21),(18,22),(19,23),(24,28),(25,29),(26,30),(27,31)],[(0,8),(1,9),(2,10),(3,11),(4,12),(5,13),(6,14),(7,15),(16,24),(17,25),(18,26),(19,27),(20,28),(21,29),(22,30),(23,31)],[(0,16),(1,17),(2,18),(3,19),(4,20),(5,21),(6,22),(7,23),(8,24),(9,25),(10,26),(11,27),(12,28),(13,29),(14,30),(15,31)],[(1,2),(3,5),(4,16),(6,9),(7,14),(8,23),(10,12),(11,13),(15,27),(17,24),(18,20),(19,21),(22,25),(26,28),(29,30)]  # out=2762
[(0,1),(2,3),(4,5),(6,7),(8,9),(10,11),(12,13),(14,15),(16,17),(18,19),(20,21),(22,23),(24,25),(26,27),(28,29),(30,31)],[(0,2),(1,3),(4,6),(5,7),(8,10),(9,11),(12,14),(13,15),(16,18),(17,19),(20,22),(21,23),(24,26),(25,27),(28,30),(29,31)],[(0,4),(1,5),(2,6),(3,7),(8,12),(9,13),(10,14),(11,15),(16,20),(17,21),(18,22),(19,23),(24,28),(25,29),(26,30),(27,31)],[(0,8),(1,9),(2,10),(3,11),(4,12),(5,13),(6,14),(7,15),(16,24),(17,25),(18,26),(19,27),(20,28),(21,29),(22,30),(23,31)],[(0,16),(1,17),(2,18),(3,19),(4,20),(5,21),(6,22),(7,23),(8,24),(9,25),(10,26),(11,27),(12,28),(13,29),(14,30),(15,31)],[(1,8),(2,16),(3,5),(4,27),(6,9),(7,14),(10,12),(11,13),(15,29),(17,24),(18,20),(19,21),(22,25),(23,30),(26,28)]  # out=2764
[(0,1),(2,3),(4,5),(6,7),(8,9),(10,11),(12,13),(14,15),(16,17),(18,19),(20,21),(22,23),(24,25),(26,27),(28,29),(30,31)],[(0,2),(1,3),(4,6),(5,7),(8,10),(9,11),(12,14),(13,15),(16,18),(17,19),(20,22),(21,23),(24,26),(25,27),(28,30),(29,31)],[(0,4),(1,5),(2,6),(3,7),(8,12),(9,13),(10,14),(11,15),(16,20),(17,21),(18,22),(19,23),(24,28),(25,29),(26,30),(27,31)],[(0,8),(1,9),(2,10),(3,11),(4,12),(5,13),(6,14),(7,15),(16,24),(17,25),(18,26),(19,27),(20,28),(21,29),(22,30),(23,31)],[(0,16),(1,17),(2,18),(3,19),(4,20),(5,21),(6,22),(7,23),(8,24),(9,25),(10,26),(11,27),(12,28),(13,29),(14,30),(15,31)],[(1,30),(2,4),(3,5),(6,9),(7,17),(8,23),(10,12),(11,13),(14,24),(15,16),(18,20),(19,21),(22,25),(26,28),(27,29)]  # out=2765
[(0,1),(2,3),(4,5),(6,7),(8,9),(10,11),(12,13),(14,15),(16,17),(18,19),(20,21),(22,23),(24,25),(26,27),(28,29),(30,31)],[(0,2),(1,3),(4,6),(5,7),(8,10),(9,11),(12,14),(13,15),(16,18),(17,19),(20,22),(21,23),(24,26),(25,27),(28,30),(29,31)],[(0,4),(1,5),(2,6),(3,7),(8,12),(9,13),(10,14),(11,15),(16,20),(17,21),(18,22),(19,23),(24,28),(25,29),(26,30),(27,31)],[(0,8),(1,9),(2,10),(3,11),(4,12),(5,13),(6,14),(7,15),(16,24),(17,25),(18,26),(19,27),(20,28),(21,29),(22,30),(23,31)],[(0,16),(1,17),(2,18),(3,19),(4,20),(5,21),(6,22),(7,23),(8,24),(9,25),(10,26),(11,27),(12,28),(13,29),(14,30),(15,31)],[(1,2),(3,5),(4,27),(6,9),(7,14),(8,16),(10,12),(11,13),(15,23),(17,24),(18,20),(19,21),(22,25),(26,28),(29,30)]  # out=2766
[(0,1),(2,3),(4,5),(6,7),(8,9),(10,11),(12,13),(14,15),(16,17),(18,19),(20,21),(22,23),(24,25),(26,27),(28,29),(30,31)],[(0,2),(1,3),(4,6),(5,7),(8,10),(9,11),(12,14),(13,15),(16,18),(17,19),(20,22),(21,23),(24,26),(25,27),(28,30),(29,31)],[(0,4),(1,5),(2,6),(3,7),(8,12),(9,13),(10,14),(11,15),(16,20),(17,21),(18,22),(19,23),(24,28),(25,29),(26,30),(27,31)],[(0,8),(1,9),(2,10),(3,11),(4,12),(5,13),(6,14),(7,15),(16,24),(17,25),(18,26),(19,27),(20,28),(21,29),(22,30),(23,31)],[(0,16),(1,17),(2,18),(3,19),(4,20),(5,21),(6,22),(7,23),(8,24),(9,25),(10,26),(11,27),(12,28),(13,29),(14,30),(15,31)],[(1,30),(2,4),(3,5),(6,25),(7,14),(8,23),(9,16),(10,12),(11,13),(15,22),(17,24),(18,20),(19,21),(26,28),(27,29)]  # out=2771
[(0,1),(2,3),(4,5),(6,7),(8,9),(10,11),(12,13),(14,15),(16,17),(18,19),(20,21),(22,23),(24,25),(26,27),(28,29),(30,31)],[(0,2),(1,3),(4,6),(5,7),(8,10),(9,11),(12,14),(13,15),(16,18),(17,19),(20,22),(21,23),(24,26),(25,27),(28,30),(29,31)],[(0,4),(1,5),(2,6),(3,7),(8,12),(9,13),(10,14),(11,15),(16,20),(17,21),(18,22),(19,23),(24,28),(25,29),(26,30),(27,31)],[(0,8),(1,9),(2,10),(3,11),(4,12),(5,13),(6,14),(7,15),(16,24),(17,25),(18,26),(19,27),(20,28),(21,29),(22,30),(23,31)],[(0,16),(1,17),(2,18),(3,19),(4,20),(5,21),(6,22),(7,23),(8,24),(9,25),(10,26),(11,27),(12,28),(13,29),(14,30),(15,31)],[(1,8),(2,4),(3,5),(7,14),(9,22),(10,12),(11,13),(15,16),(17,24),(18,20),(19,21),(23,30),(26,28),(27,29)]  # out=2773
[(0,1),(2,3),(4,5),(6,7),(8,9),(10,11),(12,13),(14,15),(16,17),(18,19),(20,21),(22,23),(24,25),(26,27),(28,29),(30,31)],[(0,2),(1,3),(4,6),(5,7),(8,10),(9,11),(12,14),(13,15),(16,18),(17,19),(20,22),(21,23),(24,26),(25,27),(28,30),(29,31)],[(0,4),(1,5),(2,6),(3,7),(8,12),(9,13),(10,14),(11,15),(16,20),(17,21),(18,22),(19,23),(24,28),(25,29),(26,30),(27,31)],[(0,8),(1,9),(2,10),(3,11),(4,12),(5,13),(6,14),(7,15),(16,24),(17,25),(18,26),(19,27),(20,28),(21,29),(22,30),(23,31)],[(0,16),(1,17),(2,18),(3,19),(4,20),(5,21),(6,22),(7,23),(8,24),(9,25),(10,26),(11,27),(12,28),(13,29),(14,30),(15,31)],[(1,4),(2,8),(3,12),(6,9),(7,13),(11,14),(15,16),(17,20),(18,24),(19,28),(22,25),(23,29),(27,30)]  # out=2774
[(0,1),(2,3),(4,5),(6,7),(8,9),(10,11),(12,13),(14,15),(16,17),(18,19),(20,21),(22,23),(24,25),(26,27),(28,29),(30,31)],[(0,2),(1,3),(4,6),(5,7),(8,10),(9,11),(12,14),(13,15),(16,18),(17,19),(20,22),(21,23),(24,26),(25,27),(28,30),(29,31)],[(0,4),(1,5),(2,6),(3,7),(8,12),(9,13),(10,14),(11,15),(16,20),(17,21),(18,22),(19,23),(24,28),(25,29),(26,30),(27,31)],[(0,8),(1,9),(2,10),(3,11),(4,12),(5,13),(6,14),(7,15),(16,24),(17,25),(18,26),(19,27),(20,28),(21,29),(22,30),(23,31)],[(0,16),(1,17),(2,18),(3,19),(4,20),(5,21),(6,22),(7,23),(8,24),(9,25),(10,26),(11,27),(12,28),(13,29),(14,30),(15,31)],[(1,22),(2,4),(3,5),(6,25),(7,14),(8,16),(9,30),(10,12),(11,13),(15,23),(17,24),(18,20),(19,21),(26,28),(27,29)]  # out=2774
[(0,1),(2,3),(4,5),(6,7),(8,9),(10,11),(12,13),(14,15),(16,17),(18,19),(20,21),(22,23),(24,25),(26,27),(28,29),(30,31)],[(0,2),(1,3),(4,6),(5,7),(8,10),(9,11),(12,14),(13,15),(16,18),(17,19),(20,22),(21,23),(24,26),(25,27),(28,30),(29,31)],[(0,4),(1,5),(2,6),(3,7),(8,12),(9,13),(10,14),(11,15),(16,20),(17,21),(18,22),(19,23),(24,28),(25,29),(26,30),(27,31)],[(0,8),(1,9),(2,10),(3,11),(4,12),(5,13),(6,14),(7,15),(16,24),(17,25),(18,26),(19,27),(20,28),(21,29),(22,30),(23,31)],[(0,16),(1,17),(2,18),(3,19),(4,20),(5,21),(6,22),(7,23),(8,24),(9,25),(10,26),(11,27),(12,28),(13,29),(14,30),(15,31)],[(1,8),(2,4),(3,5),(6,25),(7,14),(10,12),(11,13),(15,16),(17,24),(18,20),(19,21),(23,30),(26,28),(27,29)]  # out=2782
[(0,1),(2,3),(4,5),(6,7),(8,9),(10,11),(12,13),(14,15),(16,17),(18,19),(20,21),(22,23),(24,25),(26,27),(28,29),(30,31)],[(0,2),(1,3),(4,6),(5,7),(8,10),(9,11),(12,14),(13,15),(16,18),(17,19),(20,22),(21,23),(24,26),(25,27),(28,30),(29,31)],[(0,4),(1,5),(2,6),(3,7),(8,12),(9,13),(10,14),(11,15),(16,20),(17,21),(18,22),(19,23),(24,28),(25,29),(26,30),(27,31)],[(0,8),(1,9),(2,10),(3,11),(4,12),(5,13),(6,14),(7,15),(16,24),(17,25),(18,26),(19,27),(20,28),(21,29),(22,30),(23,31)],[(0,16),(1,17),(2,18),(3,19),(4,20),(5,21),(6,22),(7,23),(8,24),(9,25),(10,26),(11,27),(12,28),(13,29),(14,30),(15,31)],[(1,4),(2,5),(3,12),(6,9),(7,13),(8,23),(10,21),(11,14),(15,16),(17,20),(18,24),(19,28),(22,25),(26,29),(27,30)]  # out=2785
[(0,1),(2,3),(4,5),(6,7),(8,9),(10,11),(12,13),(14,15),(16,17),(18,19),(20,21),(22,23),(24,25),(26,27),(28,29),(30,31)],[(0,2),(1,3),(4,6),(5,7),(8,10),(9,11),(12,14),(13,15),(16,18),(17,19),(20,22),(21,23),(24,26),(25,27),(28,30),(29,31)],[(0,4),(1,5),(2,6),(3,7),(8,12),(9,13),(10,14),(11,15),(16,20),(17,21),(18,22),(19,23),(24,28),(25,29),(26,30),(27,31)],[(0,8),(1,9),(2,10),(3,11),(4,12),(5,13),(6,14),(7,15),(16,24),(17,25),(18,26),(19,27),(20,28),(21,29),(22,30),(23,31)],[(0,16),(1,17),(2,18),(3,19),(4,20),(5,21),(6,22),(7,23),(8,24),(9,25),(10,26),(11,27),(12,28),(13,29),(14,30),(15,31)],[(1,2),(3,12),(4,27),(5,10),(6,9),(7,13),(8,23),(11,14),(15,16),(17,20),(18,24),(19,28),(21,26),(22,25),(29,30)]  # out=2786
[(0,1),(2,3),(4,5),(6,7),(8,9),(10,11),(12,13),(14,15),(16,17),(18,19),(20,21),(22,23),(24,25),(26,27),(28,29),(30,31)],[(0,2),(1,3),(4,6),(5,7),(8,10),(9,11),(12,14),(13,15),(16,18),(17,19),(20,22),(21,23),(24,26),(25,27),(28,30),(29,31)],[(0,4),(1,5),(2,6),(3,7),(8,12),(9,13),(10,14),(11,15),(16,20),(17,21),(18,22),(19,23),(24,28),(25,29),(26,30),(27,31)],[(0,8),(1,9),(2,10),(3,11),(4,12),(5,13),(6,14),(7,15),(16,24),(17,25),(18,26),(19,27),(20,28),(21,29),(22,30),(23,31)],[(0,16),(1,17),(2,18),(3,19),(4,20),(5,21),(6,22),(7,23),(8,24),(9,25),(10,26),(11,27),(12,28),(13,29),(14,30),(15,31)],[(1,16),(2,4),(3,5),(7,14),(8,23),(9,22),(10,12),(11,13),(15,30),(17,24),(18,20),(19,21),(26,28),(27,29)]  # out=2793
[(0,1),(2,3),(4,5),(6,7),(8,9),(10,11),(12,13),(14,15),(16,17),(18,19),(20,21),(22,23),(24,25),(26,27),(28,29),(30,31)],[(0,2),(1,3),(4,6),(5,7),(8,10),(9,11),(12,14),(13,15),(16,18),(17,19),(20,22),(21,23),(24,26),(25,27),(28,30),(29,31)],[(0,4),(1,5),(2,6),(3,7),(8,12),(9,13),(10,14),(11,15),(16,20),(17,21),(18,22),(19,23),(24,28),(25,29),(26,30),(27,31)],[(0,8),(1,9),(2,10),(3,11),(4,12),(5,13),(6,14),(7,15),(16,24),(17,25),(18,26),(19,27),(20,28),(21,29),(22,30),(23,31)],[(0,16),(1,17),(2,18),(3,19),(4,20),(5,21),(6,22),(7,23),(8,24),(9,25),(10,26),(11,27),(12,28),(13,29),(14,30),(15,31)],[(1,2),(3,5),(4,27),(6,9),(7,14),(8,23),(10,12),(11,13),(15,16),(17,24),(18,20),(19,21),(22,25),(26,28),(29,30)]  # out=2794
[(0,1),(2,3),(4,5),(6,7),(8,9),(10,11),(12,13),(14,15),(16,17),(18,19),(20,21),(22,23),(24,25),(26,27),(28,29),(30,31)],[(0,2),(1,3),(4,6),(5,7),(8,10),(9,11),(12,14),(13,15),(16,18),(17,19),(20,22),(21,23),(24,26),(25,27),(28,30),(29,31)],[(0,4),(1,5),(2,6),(3,7),(8,12),(9,13),(10,14),(11,15),(16,20),(17,21),(18,22),(19,23),(24,28),(25,29),(26,30),(27,31)],[(0,8),(1,9),(2,10),(3,11),(4,12),(5,13),(6,14),(7,15),(16,24),(17,25),(18,26),(19,27),(20,28),(21,29),(22,30),(23,31)],[(0,16),(1,17),(2,18),(3,19),(4,20),(5,21),(6,22),(7,23),(8,24),(9,25),(10,26),(11,27),(12,28),(13,29),(14,30),(15,31)],[(1,22),(2,4),(3,5),(6,25),(7,14),(8,23),(9,30),(10,12),(11,13),(15,16),(17,24),(18,20),(19,21),(26,28),(27,29)]  # out=2800
[(0,1),(2,3),(4,5),(6,7),(8,9),(10,11),(12,13),(14,15),(16,17),(18,19),(20,21),(22,23),(24,25),(26,27),(28,29),(30,31)],[(0,2),(1,3),(4,6),(5,7),(8,10),(9,11),(12,14),(13,15),(16,18),(17,19),(20,22),(21,23),(24,26),(25,27),(28,30),(29,31)],[(0,4),(1,5),(2,6),(3,7),(8,12),(9,13),(10,14),(11,15),(16,20),(17,21),(18,22),(19,23),(24,28),(25,29),(26,30),(27,31)],[(0,8),(1,9),(2,10),(3,11),(4,12),(5,13),(6,14),(7,15),(16,24),(17,25),(18,26),(19,27),(20,28),(21,29),(22,30),(23,31)],[(0,16),(1,17),(2,18),(3,19),(4,20),(5,21),(6,22),(7,23),(8,24),(9,25),(10,26),(11,27),(12,28),(13,29),(14,30),(15,31)],[(1,30),(2,16),(3,5),(4,27),(6,9),(7,14),(8,23),(10,12),(11,13),(15,29),(17,24),(18,20),(19,21),(22,25),(26,28)]  # out=2816
[(0,1),(2,3),(4,5),(6,7),(8,9),(10,11),(12,13),(14,15),(16,17),(18,19),(20,21),(22,23),(24,25),(26,27),(28,29),(30,31)],[(0,2),(1,3),(4,6),(5,7),(8,10),(9,11),(12,14),(13,15),(16,18),(17,19),(20,22),(21,23),(24,26),(25,27),(28,30),(29,31)],[(0,4),(1,5),(2,6),(3,7),(8,12),(9,13),(10,14),(11,15),(16,20),(17,21),(18,22),(19,23),(24,28),(25,29),(26,30),(27,31)],[(0,8),(1,9),(2,10),(3,11),(4,12),(5,13),(6,14),(7,15),(16,24),(17,25),(18,26),(19,27),(20,28),(21,29),(22,30),(23,31)],[(0,16),(1,17),(2,18),(3,19),(4,20),(5,21),(6,22),(7,23),(8,24),(9,25),(10,26),(11,27),(12,28),(13,29),(14,30),(15,31)],[(1,16),(2,4),(3,5),(6,9),(7,24),(8,17),(10,12),(11,13),(14,23),(15,30),(18,20),(19,21),(22,25),(26,28),(27,29)]  # out=2817
[(0,1),(2,3),(4,5),(6,7),(8,9),(10,11),(12,13),(14,15),(16,17),(18,19),(20,21),(22,23),(24,25),(26,27),(28,29),(30,31)],[(0,2),(1,3),(4,6),(5,7),(8,10),(9,11),(12,14),(13,15),(16,18),(17,19),(20,22),(21,23),(24,26),(25,27),(28,30),(29,31)],[(0,4),(1,5),(2,6),(3,7),(8,12),(9,13),(10,14),(11,15),(16,20),(17,21),(18,22),(19,23),(24,28),(25,29),(26,30),(27,31)],[(0,8),(1,9),(2,10),(3,11),(4,12),(5,13),(6,14),(7,15),(16,24),(17,25),(18,26),(19,27),(20,28),(21,29),(22,30),(23,31)],[(0,16),(1,17),(2,18),(3,19),(4,20),(5,21),(6,22),(7,23),(8,24),(9,25),(10,26),(11,27),(12,28),(13,29),(14,30),(15,31)],[(1,30),(2,4),(3,5),(7,14),(8,23),(9,22),(10,12),(11,13),(15,16),(17,24),(18,20),(19,21),(26,28),(27,29)]  # out=2819
[(0,1),(2,3),(4,5),(6,7),(8,9),(10,11),(12,13),(14,15),(16,17),(18,19),(20,21),(22,23),(24,25),(26,27),(28,29),(30,31)],[(0,2),(1,3),(4,6),(5,7),(8,10),(9,11),(12,14),(13,15),(16,18),(17,19),(20,22),(21,23),(24,26),(25,27),(28,30),(29,31)],[(0,4),(1,5),(2,6),(3,7),(8,12),(9,13),(10,14),(11,15),(16,20),(17,21),(18,22),(19,23),(24,28),(25,29),(26,30),(27,31)],[(0,8),(1,9),(2,10),(3,11),(4,12),(5,13),(6,14),(7,15),(16,24),(17,25),(18,26),(19,27),(20,28),(21,29),(22,30),(23,31)],[(0,16),(1,17),(2,18),(3,19),(4,20),(5,21),(6,22),(7,23),(8,24),(9,25),(10,26),(11,27),(12,28),(13,29),(14,30),(15,31)],[(1,4),(2,21),(3,12),(5,26),(6,9),(7,13),(8,16),(10,29),(11,14),(15,23),(17,20),(18,24),(19,28),(22,25),(27,30)]  # out=2822
[(0,1),(2,3),(4,5),(6,7),(8,9),(10,11),(12,13),(14,15),(16,17),(18,19),(20,21),(22,23),(24,25),(26,27),(28,29),(30,31)],[(0,2),(1,3),(4,6),(5,7),(8,10),(9,11),(12,14),(13,15),(16,18),(17,19),(20,22),(21,23),(24,26),(25,27),(28,30),(29,31)],[(0,4),(1,5),(2,6),(3,7),(8,12),(9,13),(10,14),(11,15),(16,20),(17,21),(18,22),(19,23),(24,28),(25,29),(26,30),(27,31)],[(0,8),(1,9),(2,10),(3,11),(4,12),(5,13),(6,14),(7,15),(16,24),(17,25),(18,26),(19,27),(20,28),(21,29),(22,30),(23,31)],[(0,16),(1,17),(2,18),(3,19),(4,20),(5,21),(6,22),(7,23),(8,24),(9,25),(10,26),(11,27),(12,28),(13,29),(14,30),(15,31)],[(1,6),(2,4),(3,5),(7,14),(8,23),(9,16),(10,12),(11,13),(15,22),(17,24),(18,20),(19,21),(25,30),(26,28),(27,29)]  # out=2841
[(0,1),(2,3),(4,5),(6,7),(8,9),(10,11),(12,13),(14,15),(16,17),(18,19),(20,21),(22,23),(24,25),(26,27),(28,29),(30,31)],[(0,2),(1,3),(4,6),(5,7),(8,10),(9,11),(12,14),(13,15),(16,18),(17,19),(20,22),(21,23),(24,26),(25,27),(28,30),(29,31)],[(0,4),(1,5),(2,6),(3,7),(8,12),(9,13),(10,14),(11,15),(16,20),(17,21),(18,22),(19,23),(24,28),(25,29),(26,30),(27,31)],[(0,8),(1,9),(2,10),(3,11),(4,12),(5,13),(6,14),(7,15),(16,24),(17,25),(18,26),(19,27),(20,28),(21,29),(22,30),(23,31)],[(0,16),(1,17),(2,18),(3,19),(4,20),(5,21),(6,22),(7,23),(8,24),(9,25),(10,26),(11,27),(12,28),(13,29),(14,30),(15,31)],[(1,30),(2,4),(3,5),(6,9),(7,24),(8,17),(10,12),(11,13),(14,23),(15,16),(18,20),(19,21),(22,25),(26,28),(27,29)]  # out=2843
[(0,1),(2,3),(4,5),(6,7),(8,9),(10,11),(12,13),(14,15),(16,17),(18,19),(20,21),(22,23),(24,25),(26,27),(28,29),(30,31)],[(0,2),(1,3),(4,6),(5,7),(8,10),(9,11),(12,14),(13,15),(16,18),(17,19),(20,22),(21,23),(24,26),(25,27),(28,30),(29,31)],[(0,4),(1,5),(2,6),(3,7),(8,12),(9,13),(10,14),(11,15),(16,20),(17,21),(18,22),(19,23),(24,28),(25,29),(26,30),(27,31)],[(0,8),(1,9),(2,10),(3,11),(4,12),(5,13),(6,14),(7,15),(16,24),(17,25),(18,26),(19,27),(20,28),(21,29),(22,30),(23,31)],[(0,16),(1,17),(2,18),(3,19),(4,20),(5,21),(6,22),(7,23),(8,24),(9,25),(10,26),(11,27),(12,28),(13,29),(14,30),(15,31)],[(1,8),(2,4),(3,5),(6,9),(7,24),(10,12),(11,13),(14,16),(15,17),(18,20),(19,21),(22,25),(23,30),(26,28),(27,29)]  # out=2848
[(0,1),(2,3),(4,5),(6,7),(8,9),(10,11),(12,13),(14,15),(16,17),(18,19),(20,21),(22,23),(24,25),(26,27),(28,29),(30,31)],[(0,2),(1,3),(4,6),(5,7),(8,10),(9,11),(12,14),(13,15),(16,18),(17,19),(20,22),(21,23),(24,26),(25,27),(28,30),(29,31)],[(0,4),(1,5),(2,6),(3,7),(8,12),(9,13),(10,14),(11,15),(16,20),(17,21),(18,22),(19,23),(24,28),(25,29),(26,30),(27,31)],[(0,8),(1,9),(2,10),(3,11),(4,12),(5,13),(6,14),(7,15),(16,24),(17,25),(18,26),(19,27),(20,28),(21,29),(22,30),(23,31)],[(0,16),(1,17),(2,18),(3,19),(4,20),(5,21),(6,22),(7,23),(8,24),(9,25),(10,26),(11,27),(12,28),(13,29),(14,30),(15,31)],[(1,14),(2,4),(3,5),(6,9),(7,24),(8,16),(10,12),(11,13),(15,23),(17,30),(18,20),(19,21),(22,25),(26,28),(27,29)]  # out=2848
[(0,1),(2,3),(4,5),(6,7),(8,9),(10,11),(12,13),(14,15),(16,17),(18,19),(20,21),(22,23),(24,25),(26,27),(28,29),(30,31)],[(0,2),(1,3),(4,6),(5,7),(8,10),(9,11),(12,14),(13,15),(16,18),(17,19),(20,22),(21,23),(24,26),(25,27),(28,30),(29,31)],[(0,4),(1,5),(2,6),(3,7),(8,12),(9,13),(10,14),(11,15),(16,20),(17,21),(18,22),(19,23),(24,28),(25,29),(26,30),(27,31)],[(0,8),(1,9),(2,10),(3,11),(4,12),(5,13),(6,14),(7,15),(16,24),(17,25),(18,26),(19,27),(20,28),(21,29),(22,30),(23,31)],[(0,16),(1,17),(2,18),(3,19),(4,20),(5,21),(6,22),(7,23),(8,24),(9,25),(10,26),(11,27),(12,28),(13,29),(14,30),(15,31)],[(1,8),(2,4),(3,5),(6,16),(7,14),(10,12),(11,13),(15,25),(17,24),(18,20),(19,21),(23,30),(26,28),(27,29)]  # out=2854
[(0,1),(2,3),(4,5),(6,7),(8,9),(10,11),(12,13),(14,15),(16,17),(18,19),(20,21),(22,23),(24,25),(26,27),(28,29),(30,31)],[(0,2),(1,3),(4,6),(5,7),(8,10),(9,11),(12,14),(13,15),(16,18),(17,19),(20,22),(21,23),(24,26),(25,27),(28,30),(29,31)],[(0,4),(1,5),(2,6),(3,7),(8,12),(9,13),(10,14),(11,15),(16,20),(17,21),(18,22),(19,23),(24,28),(25,29),(26,30),(27,31)],[(0,8),(1,9),(2,10),(3,11),(4,12),(5,13),(6,14),(7,15),(16,24),(17,25),(18,26),(19,27),(20,28),(21,29),(22,30),(23,31)],[(0,16),(1,17),(2,18),(3,19),(4,20),(5,21),(6,22),(7,23),(8,24),(9,25),(10,26),(11,27),(12,28),(13,29),(14,30),(15,31)],[(1,8),(2,4),(3,5),(7,14),(9,16),(10,12),(11,13),(15,22),(17,24),(18,20),(19,21),(23,30),(26,28),(27,29)]  # out=2854
