# n=28
# Wang generated/n28d6.pb: 64 six-layer prefixes (16+12 stacked + greedy 6th layer), his original ordering
[(0,1),(2,3),(4,23),(5,22),(6,7),(8,9),(10,11),(12,13),(14,15),(16,17),(18,19),(20,21),(24,25),(26,27)],[(0,24),(1,25),(2,26),(3,27),(4,22),(5,23),(6,18),(7,19),(8,20),(9,21),(10,12),(11,13),(14,16),(15,17)],[(0,27),(1,5),(2,25),(3,4),(6,14),(7,15),(8,10),(9,11),(12,20),(13,21),(16,18),(17,19),(22,26),(23,24)],[(0,3),(1,2),(4,23),(5,22),(6,8),(7,9),(10,14),(11,15),(12,16),(13,17),(18,20),(19,21),(24,27),(25,26)],[(0,1),(2,3),(4,5),(7,12),(8,10),(9,18),(11,16),(13,14),(15,20),(17,19),(22,23),(24,25),(26,27)],[(0,21),(1,14),(2,4),(3,5),(6,27),(7,8),(9,11),(10,12),(13,26),(15,17),(16,18),(19,20),(22,24),(23,25)]
[(0,1),(2,3),(4,23),(5,22),(6,7),(8,9),(10,11),(12,13),(14,15),(16,17),(18,19),(20,21),(24,25),(26,27)],[(0,24),(1,25),(2,26),(3,27),(4,22),(5,23),(6,18),(7,19),(8,20),(9,21),(10,12),(11,13),(14,16),(15,17)],[(0,27),(1,5),(2,25),(3,4),(6,14),(7,15),(8,10),(9,11),(12,20),(13,21),(16,18),(17,19),(22,26),(23,24)],[(0,3),(1,2),(4,23),(5,22),(6,8),(7,9),(10,14),(11,15),(12,16),(13,17),(18,20),(19,21),(24,27),(25,26)],[(0,1),(2,3),(4,5),(7,12),(8,10),(9,18),(11,16),(13,14),(15,20),(17,19),(22,23),(24,25),(26,27)],[(0,6),(1,14),(2,4),(3,5),(7,8),(9,11),(10,12),(13,26),(15,17),(16,18),(19,20),(21,27),(22,24),(23,25)]
[(0,1),(2,3),(4,23),(5,22),(6,7),(8,9),(10,11),(12,13),(14,15),(16,17),(18,19),(20,21),(24,25),(26,27)],[(0,24),(1,25),(2,26),(3,27),(4,22),(5,23),(6,18),(7,19),(8,20),(9,21),(10,12),(11,13),(14,16),(15,17)],[(0,27),(1,5),(2,25),(3,4),(6,14),(7,15),(8,10),(9,11),(12,20),(13,21),(16,18),(17,19),(22,26),(23,24)],[(0,3),(1,2),(4,23),(5,22),(6,8),(7,9),(10,14),(11,15),(12,16),(13,17),(18,20),(19,21),(24,27),(25,26)],[(0,1),(2,3),(4,5),(7,12),(8,10),(9,18),(11,16),(13,14),(15,20),(17,19),(22,23),(24,25),(26,27)],[(0,21),(1,13),(2,4),(3,5),(6,27),(7,8),(9,11),(10,12),(14,26),(15,17),(16,18),(19,20),(22,24),(23,25)]
[(0,1),(2,3),(4,23),(5,22),(6,7),(8,9),(10,11),(12,13),(14,15),(16,17),(18,19),(20,21),(24,25),(26,27)],[(0,24),(1,25),(2,26),(3,27),(4,22),(5,23),(6,18),(7,19),(8,20),(9,21),(10,12),(11,13),(14,16),(15,17)],[(0,27),(1,5),(2,25),(3,4),(6,14),(7,15),(8,10),(9,11),(12,20),(13,21),(16,18),(17,19),(22,26),(23,24)],[(0,3),(1,2),(4,23),(5,22),(6,8),(7,9),(10,14),(11,15),(12,16),(13,17),(18,20),(19,21),(24,27),(25,26)],[(0,1),(2,3),(4,5),(7,12),(8,10),(9,18),(11,16),(13,14),(15,20),(17,19),(22,23),(24,25),(26,27)],[(0,6),(1,13),(2,4),(3,5),(7,8),(9,11),(10,12),(14,26),(15,17),(16,18),(19,20),(21,27),(22,24),(23,25)]
[(0,1),(2,3),(4,23),(5,22),(6,7),(8,9),(10,11),(12,13),(14,15),(16,17),(18,19),(20,21),(24,25),(26,27)],[(0,24),(1,25),(2,26),(3,27),(4,22),(5,23),(6,18),(7,19),(8,20),(9,21),(10,12),(11,13),(14,16),(15,17)],[(0,27),(1,5),(2,25),(3,4),(6,14),(7,15),(8,10),(9,11),(12,20),(13,21),(16,18),(17,19),(22,26),(23,24)],[(0,3),(1,2),(4,23),(5,22),(6,8),(7,10),(9,14),(11,15),(12,16),(13,18),(17,20),(19,21),(24,27),(25,26)],[(0,1),(2,3),(4,5),(7,9),(8,12),(10,13),(11,16),(14,17),(15,19),(18,20),(22,23),(24,25),(26,27)],[(0,11),(1,6),(2,4),(3,5),(7,8),(9,12),(10,14),(13,17),(15,18),(16,27),(19,20),(21,26),(22,24),(23,25)]
[(0,1),(2,3),(4,23),(5,22),(6,7),(8,9),(10,11),(12,13),(14,15),(16,17),(18,19),(20,21),(24,25),(26,27)],[(0,24),(1,25),(2,26),(3,27),(4,22),(5,23),(6,18),(7,19),(8,20),(9,21),(10,12),(11,13),(14,16),(15,17)],[(0,27),(1,5),(2,25),(3,4),(6,14),(7,15),(8,10),(9,11),(12,20),(13,21),(16,18),(17,19),(22,26),(23,24)],[(0,3),(1,2),(4,23),(5,22),(6,8),(7,10),(9,14),(11,15),(12,16),(13,18),(17,20),(19,21),(24,27),(25,26)],[(0,1),(2,3),(4,5),(7,9),(8,12),(10,13),(11,16),(14,17),(15,19),(18,20),(22,23),(24,25),(26,27)],[(0,16),(1,21),(2,4),(3,5),(6,26),(7,8),(9,12),(10,14),(11,27),(13,17),(15,18),(19,20),(22,24),(23,25)]
[(0,1),(2,3),(4,23),(5,22),(6,7),(8,9),(10,11),(12,13),(14,15),(16,17),(18,19),(20,21),(24,25),(26,27)],[(0,24),(1,25),(2,26),(3,27),(4,22),(5,23),(6,18),(7,19),(8,20),(9,21),(10,12),(11,13),(14,16),(15,17)],[(0,27),(1,5),(2,25),(3,4),(6,14),(7,15),(8,10),(9,11),(12,20),(13,21),(16,18),(17,19),(22,26),(23,24)],[(0,3),(1,2),(4,23),(5,22),(6,8),(7,10),(9,14),(11,15),(12,16),(13,18),(17,20),(19,21),(24,27),(25,26)],[(0,1),(2,3),(4,5),(7,9),(8,12),(10,13),(11,16),(14,17),(15,19),(18,20),(22,23),(24,25),(26,27)],[(0,16),(1,6),(2,4),(3,5),(7,8),(9,12),(10,14),(11,27),(13,17),(15,18),(19,20),(21,26),(22,24),(23,25)]
[(0,1),(2,3),(4,23),(5,22),(6,7),(8,9),(10,11),(12,13),(14,15),(16,17),(18,19),(20,21),(24,25),(26,27)],[(0,24),(1,25),(2,26),(3,27),(4,22),(5,23),(6,18),(7,19),(8,20),(9,21),(10,12),(11,13),(14,16),(15,17)],[(0,27),(1,5),(2,25),(3,4),(6,14),(7,15),(8,10),(9,11),(12,20),(13,21),(16,18),(17,19),(22,26),(23,24)],[(0,3),(1,2),(4,23),(5,22),(6,8),(7,10),(9,14),(11,15),(12,16),(13,18),(17,20),(19,21),(24,27),(25,26)],[(0,1),(2,3),(4,5),(7,9),(8,12),(10,13),(11,16),(14,17),(15,19),(18,20),(22,23),(24,25),(26,27)],[(0,11),(1,21),(2,4),(3,5),(6,26),(7,8),(9,12),(10,14),(13,17),(15,18),(16,27),(19,20),(22,24),(23,25)]
[(0,1),(2,3),(4,23),(5,22),(6,7),(8,9),(10,11),(12,13),(14,15),(16,17),(18,19),(20,21),(24,25),(26,27)],[(0,24),(1,25),(2,26),(3,27),(4,22),(5,23),(6,18),(7,19),(8,20),(9,21),(10,12),(11,13),(14,16),(15,17)],[(0,27),(1,5),(2,25),(3,4),(6,14),(7,15),(8,10),(9,11),(12,20),(13,21),(16,18),(17,19),(22,26),(23,24)],[(0,3),(1,2),(4,23),(5,22),(6,8),(7,9),(10,14),(11,15),(12,16),(13,17),(18,20),(19,21),(24,27),(25,26)],[(0,1),(2,3),(4,5),(7,12),(8,10),(9,18),(11,16),(13,14),(15,20),(17,19),(22,23),(24,25),(26,27)],[(0,13),(2,4),(3,5),(7,8),(9,11),(10,12),(14,27),(15,17),(16,18),(19,20),(22,24),(23,25)]
[(0,1),(2,3),(4,23),(5,22),(6,7),(8,9),(10,11),(12,13),(14,15),(16,17),(18,19),(20,21),(24,25),(26,27)],[(0,24),(1,25),(2,26),(3,27),(4,22),(5,23),(6,18),(7,19),(8,20),(9,21),(10,12),(11,13),(14,16),(15,17)],[(0,27),(1,5),(2,25),(3,4),(6,14),(7,15),(8,10),(9,11),(12,20),(13,21),(16,18),(17,19),(22,26),(23,24)],[(0,3),(1,2),(4,23),(5,22),(6,8),(7,9),(10,14),(11,15),(12,16),(13,17),(18,20),(19,21),(24,27),(25,26)],[(0,1),(2,3),(4,5),(7,12),(8,10),(9,18),(11,16),(13,14),(15,20),(17,19),(22,23),(24,25),(26,27)],[(0,14),(2,4),(3,5),(7,8),(9,11),(10,12),(13,27),(15,17),(16,18),(19,20),(22,24),(23,25)]
[(0,1),(2,3),(4,23),(5,22),(6,7),(8,9),(10,11),(12,13),(14,15),(16,17),(18,19),(20,21),(24,25),(26,27)],[(0,24),(1,25),(2,26),(3,27),(4,22),(5,23),(6,18),(7,19),(8,20),(9,21),(10,12),(11,13),(14,16),(15,17)],[(0,27),(1,5),(2,25),(3,4),(6,14),(7,15),(8,10),(9,11),(12,20),(13,21),(16,18),(17,19),(22,26),(23,24)],[(0,3),(1,2),(4,23),(5,22),(6,8),(7,10),(9,14),(11,15),(12,16),(13,18),(17,20),(19,21),(24,27),(25,26)],[(0,1),(2,3),(4,5),(7,9),(8,12),(10,13),(11,16),(14,17),(15,19),(18,20),(22,23),(24,25),(26,27)],[(1,6),(2,4),(3,5),(7,8),(9,12),(10,14),(13,17),(15,18),(19,20),(21,26),(22,24),(23,25)]
[(0,1),(2,3),(4,23),(5,22),(6,7),(8,9),(10,11),(12,13),(14,15),(16,17),(18,19),(20,21),(24,25),(26,27)],[(0,24),(1,25),(2,26),(3,27),(4,22),(5,23),(6,18),(7,19),(8,20),(9,21),(10,12),(11,13),(14,16),(15,17)],[(0,27),(1,5),(2,25),(3,4),(6,14),(7,15),(8,10),(9,11),(12,20),(13,21),(16,18),(17,19),(22,26),(23,24)],[(0,3),(1,2),(4,23),(5,22),(6,8),(7,10),(9,14),(11,15),(12,16),(13,18),(17,20),(19,21),(24,27),(25,26)],[(0,1),(2,3),(4,5),(7,9),(8,12),(10,13),(11,16),(14,17),(15,19),(18,20),(22,23),(24,25),(26,27)],[(1,21),(2,4),(3,5),(6,26),(7,8),(9,12),(10,14),(13,17),(15,18),(19,20),(22,24),(23,25)]
[(0,1),(2,3),(4,23),(5,22),(6,7),(8,9),(10,11),(12,13),(14,15),(16,17),(18,19),(20,21),(24,25),(26,27)],[(0,24),(1,25),(2,26),(3,27),(4,22),(5,23),(6,18),(7,19),(8,20),(9,21),(10,12),(11,13),(14,16),(15,17)],[(0,27),(1,5),(2,25),(3,4),(6,14),(7,15),(8,10),(9,11),(12,20),(13,21),(16,18),(17,19),(22,26),(23,24)],[(0,3),(1,2),(4,23),(5,22),(6,8),(7,9),(10,14),(11,15),(12,16),(13,17),(18,20),(19,21),(24,27),(25,26)],[(0,1),(2,3),(4,5),(7,12),(8,10),(9,18),(11,16),(13,14),(15,20),(17,19),(22,23),(24,25),(26,27)],[(0,6),(2,4),(3,5),(7,8),(9,11),(10,12),(15,17),(16,18),(19,20),(21,27),(22,24),(23,25)]
[(0,1),(2,3),(4,23),(5,22),(6,7),(8,9),(10,11),(12,13),(14,15),(16,17),(18,19),(20,21),(24,25),(26,27)],[(0,24),(1,25),(2,26),(3,27),(4,22),(5,23),(6,18),(7,19),(8,20),(9,21),(10,12),(11,13),(14,16),(15,17)],[(0,27),(1,5),(2,25),(3,4),(6,14),(7,15),(8,10),(9,11),(12,20),(13,21),(16,18),(17,19),(22,26),(23,24)],[(0,3),(1,2),(4,23),(5,22),(6,8),(7,9),(10,14),(11,15),(12,16),(13,17),(18,20),(19,21),(24,27),(25,26)],[(0,1),(2,3),(4,5),(7,12),(8,10),(9,18),(11,16),(13,14),(15,20),(17,19),(22,23),(24,25),(26,27)],[(0,21),(2,4),(3,5),(6,27),(7,8),(9,11),(10,12),(15,17),(16,18),(19,20),(22,24),(23,25)]
[(0,1),(2,3),(4,5),(6,7),(8,9),(10,11),(12,13),(14,15),(16,17),(18,19),(20,21),(22,23),(24,25),(26,27)],[(0,5),(1,25),(2,26),(3,23),(4,24),(6,18),(7,19),(8,20),(9,21),(10,12),(11,13),(14,16),(15,17),(22,27)],[(0,4),(1,24),(2,22),(3,26),(5,25),(6,14),(7,15),(8,10),(9,11),(12,20),(13,21),(16,18),(17,19),(23,27)],[(0,2),(1,4),(3,22),(5,24),(6,8),(7,10),(9,14),(11,15),(12,16),(13,18),(17,20),(19,21),(23,26),(25,27)],[(1,3),(2,25),(4,23),(5,22),(7,9),(8,12),(10,13),(11,16),(14,17),(15,19),(18,20),(24,26)],[(0,21),(1,2),(3,11),(4,5),(6,27),(7,8),(9,12),(10,14),(13,17),(15,18),(16,24),(19,20),(22,23),(25,26)]
[(0,1),(2,3),(4,5),(6,7),(8,9),(10,11),(12,13),(14,15),(16,17),(18,19),(20,21),(22,23),(24,25),(26,27)],[(0,5),(1,25),(2,26),(3,23),(4,24),(6,18),(7,19),(8,20),(9,21),(10,12),(11,13),(14,16),(15,17),(22,27)],[(0,4),(1,3),(2,22),(5,25),(6,14),(7,15),(8,10),(9,11),(12,20),(13,21),(16,18),(17,19),(23,27),(24,26)],[(0,2),(1,24),(3,26),(4,22),(5,23),(6,8),(7,10),(9,14),(11,15),(12,16),(13,18),(17,20),(19,21),(25,27)],[(1,4),(2,25),(3,22),(5,24),(7,9),(8,12),(10,13),(11,16),(14,17),(15,19),(18,20),(23,26)],[(0,6),(1,2),(3,16),(4,5),(7,8),(9,12),(10,14),(11,24),(13,17),(15,18),(19,20),(21,27),(22,23),(25,26)]
[(0,1),(2,3),(4,5),(6,7),(8,9),(10,11),(12,13),(14,15),(16,17),(18,19),(20,21),(22,23),(24,25),(26,27)],[(0,5),(1,25),(2,26),(3,23),(4,24),(6,18),(7,19),(8,20),(9,21),(10,12),(11,13),(14,16),(15,17),(22,27)],[(0,4),(1,24),(2,22),(3,26),(5,25),(6,14),(7,15),(8,10),(9,11),(12,20),(13,21),(16,18),(17,19),(23,27)],[(0,2),(1,4),(3,22),(5,24),(6,8),(7,10),(9,14),(11,15),(12,16),(13,18),(17,20),(19,21),(23,26),(25,27)],[(1,3),(2,25),(4,23),(5,22),(7,9),(8,12),(10,13),(11,16),(14,17),(15,19),(18,20),(24,26)],[(0,6),(1,2),(3,11),(4,5),(7,8),(9,12),(10,14),(13,17),(15,18),(16,24),(19,20),(21,27),(22,23),(25,26)]
[(0,1),(2,3),(4,5),(6,7),(8,9),(10,11),(12,13),(14,15),(16,17),(18,19),(20,21),(22,23),(24,25),(26,27)],[(0,5),(1,25),(2,26),(3,23),(4,24),(6,18),(7,19),(8,20),(9,21),(10,12),(11,13),(14,16),(15,17),(22,27)],[(0,4),(1,3),(2,22),(5,25),(6,14),(7,15),(8,10),(9,11),(12,20),(13,21),(16,18),(17,19),(23,27),(24,26)],[(0,2),(1,24),(3,26),(4,22),(5,23),(6,8),(7,10),(9,14),(11,15),(12,16),(13,18),(17,20),(19,21),(25,27)],[(1,4),(2,25),(3,22),(5,24),(7,9),(8,12),(10,13),(11,16),(14,17),(15,19),(18,20),(23,26)],[(0,21),(1,2),(3,16),(4,5),(6,27),(7,8),(9,12),(10,14),(11,24),(13,17),(15,18),(19,20),(22,23),(25,26)]
[(0,1),(2,3),(4,23),(5,22),(6,7),(8,9),(10,11),(12,13),(14,15),(16,17),(18,19),(20,21),(24,25),(26,27)],[(0,24),(1,25),(2,26),(3,27),(4,22),(5,23),(6,18),(7,19),(8,20),(9,21),(10,12),(11,13),(14,16),(15,17)],[(0,27),(1,5),(2,25),(3,4),(6,14),(7,15),(8,10),(9,11),(12,20),(13,21),(16,18),(17,19),(22,26),(23,24)],[(0,3),(1,2),(4,23),(5,22),(6,8),(7,10),(9,14),(11,15),(12,16),(13,18),(17,20),(19,21),(24,27),(25,26)],[(0,1),(2,3),(4,5),(7,9),(8,12),(10,13),(11,16),(14,17),(15,19),(18,20),(22,23),(24,25),(26,27)],[(0,21),(1,14),(2,4),(3,5),(6,27),(7,8),(9,12),(10,11),(13,26),(15,18),(16,17),(19,20),(22,24),(23,25)]
[(0,1),(2,3),(4,23),(5,22),(6,7),(8,9),(10,11),(12,13),(14,15),(16,17),(18,19),(20,21),(24,25),(26,27)],[(0,24),(1,25),(2,26),(3,27),(4,22),(5,23),(6,18),(7,19),(8,20),(9,21),(10,12),(11,13),(14,16),(15,17)],[(0,27),(1,5),(2,25),(3,4),(6,14),(7,15),(8,10),(9,11),(12,20),(13,21),(16,18),(17,19),(22,26),(23,24)],[(0,3),(1,2),(4,23),(5,22),(6,8),(7,10),(9,14),(11,15),(12,16),(13,18),(17,20),(19,21),(24,27),(25,26)],[(0,1),(2,3),(4,5),(7,9),(8,12),(10,13),(11,16),(14,17),(15,19),(18,20),(22,23),(24,25),(26,27)],[(0,6),(1,13),(2,4),(3,5),(7,8),(9,12),(10,11),(14,26),(15,18),(16,17),(19,20),(21,27),(22,24),(23,25)]
[(0,1),(2,3),(4,23),(5,22),(6,7),(8,9),(10,11),(12,13),(14,15),(16,17),(18,19),(20,21),(24,25),(26,27)],[(0,24),(1,25),(2,26),(3,27),(4,22),(5,23),(6,18),(7,19),(8,20),(9,21),(10,12),(11,13),(14,16),(15,17)],[(0,27),(1,5),(2,25),(3,4),(6,14),(7,15),(8,10),(9,11),(12,20),(13,21),(16,18),(17,19),(22,26),(23,24)],[(0,3),(1,2),(4,23),(5,22),(6,8),(7,10),(9,14),(11,15),(12,16),(13,18),(17,20),(19,21),(24,27),(25,26)],[(0,1),(2,3),(4,5),(7,9),(8,12),(10,13),(11,16),(14,17),(15,19),(18,20),(22,23),(24,25),(26,27)],[(0,6),(1,14),(2,4),(3,5),(7,8),(9,12),(10,11),(13,26),(15,18),(16,17),(19,20),(21,27),(22,24),(23,25)]
[(0,1),(2,3),(4,23),(5,22),(6,7),(8,9),(10,11),(12,13),(14,15),(16,17),(18,19),(20,21),(24,25),(26,27)],[(0,24),(1,25),(2,26),(3,27),(4,22),(5,23),(6,18),(7,19),(8,20),(9,21),(10,12),(11,13),(14,16),(15,17)],[(0,27),(1,5),(2,25),(3,4),(6,14),(7,15),(8,10),(9,11),(12,20),(13,21),(16,18),(17,19),(22,26),(23,24)],[(0,3),(1,2),(4,23),(5,22),(6,8),(7,10),(9,14),(11,15),(12,16),(13,18),(17,20),(19,21),(24,27),(25,26)],[(0,1),(2,3),(4,5),(7,9),(8,12),(10,13),(11,16),(14,17),(15,19),(18,20),(22,23),(24,25),(26,27)],[(0,21),(1,13),(2,4),(3,5),(6,27),(7,8),(9,12),(10,11),(14,26),(15,18),(16,17),(19,20),(22,24),(23,25)]
[(0,1),(2,3),(4,23),(5,22),(6,7),(8,9),(10,11),(12,13),(14,15),(16,17),(18,19),(20,21),(24,25),(26,27)],[(0,24),(1,25),(2,26),(3,27),(4,22),(5,23),(6,18),(7,19),(8,20),(9,21),(10,12),(11,13),(14,16),(15,17)],[(0,27),(1,5),(2,25),(3,4),(6,14),(7,15),(8,10),(9,11),(12,20),(13,21),(16,18),(17,19),(22,26),(23,24)],[(0,3),(1,2),(4,23),(5,22),(6,8),(7,10),(9,14),(11,15),(12,16),(13,18),(17,20),(19,21),(24,27),(25,26)],[(0,1),(2,3),(4,5),(7,9),(8,12),(10,13),(11,16),(14,17),(15,19),(18,20),(22,23),(24,25),(26,27)],[(1,6),(2,4),(3,5),(7,8),(9,12),(10,17),(11,14),(13,16),(15,18),(19,20),(21,26),(22,24),(23,25)]
[(0,1),(2,3),(4,23),(5,22),(6,7),(8,9),(10,11),(12,13),(14,15),(16,17),(18,19),(20,21),(24,25),(26,27)],[(0,24),(1,25),(2,26),(3,27),(4,22),(5,23),(6,18),(7,19),(8,20),(9,21),(10,12),(11,13),(14,16),(15,17)],[(0,27),(1,5),(2,25),(3,4),(6,14),(7,15),(8,10),(9,11),(12,20),(13,21),(16,18),(17,19),(22,26),(23,24)],[(0,3),(1,2),(4,23),(5,22),(6,8),(7,10),(9,14),(11,15),(12,16),(13,18),(17,20),(19,21),(24,27),(25,26)],[(0,1),(2,3),(4,5),(7,9),(8,12),(10,13),(11,16),(14,17),(15,19),(18,20),(22,23),(24,25),(26,27)],[(1,21),(2,4),(3,5),(6,26),(7,8),(9,12),(10,17),(11,14),(13,16),(15,18),(19,20),(22,24),(23,25)]
[(0,1),(2,3),(4,23),(5,22),(6,7),(8,9),(10,11),(12,13),(14,15),(16,17),(18,19),(20,21),(24,25),(26,27)],[(0,24),(1,25),(2,26),(3,27),(4,22),(5,23),(6,18),(7,19),(8,20),(9,21),(10,12),(11,13),(14,16),(15,17)],[(0,27),(1,5),(2,25),(3,4),(6,14),(7,15),(8,10),(9,11),(12,20),(13,21),(16,18),(17,19),(22,26),(23,24)],[(0,3),(1,2),(4,23),(5,22),(6,8),(7,10),(9,14),(11,15),(12,16),(13,18),(17,20),(19,21),(24,27),(25,26)],[(0,1),(2,3),(4,5),(7,9),(8,12),(10,13),(11,16),(14,17),(15,19),(18,20),(22,23),(24,25),(26,27)],[(0,21),(2,4),(3,5),(6,27),(7,8),(9,12),(10,17),(11,14),(13,16),(15,18),(19,20),(22,24),(23,25)]
[(0,1),(2,3),(4,23),(5,22),(6,7),(8,9),(10,11),(12,13),(14,15),(16,17),(18,19),(20,21),(24,25),(26,27)],[(0,24),(1,25),(2,26),(3,27),(4,22),(5,23),(6,18),(7,19),(8,20),(9,21),(10,12),(11,13),(14,16),(15,17)],[(0,27),(1,5),(2,25),(3,4),(6,14),(7,15),(8,10),(9,11),(12,20),(13,21),(16,18),(17,19),(22,26),(23,24)],[(0,3),(1,2),(4,23),(5,22),(6,8),(7,10),(9,14),(11,15),(12,16),(13,18),(17,20),(19,21),(24,27),(25,26)],[(0,1),(2,3),(4,5),(7,9),(8,12),(10,13),(11,16),(14,17),(15,19),(18,20),(22,23),(24,25),(26,27)],[(0,6),(2,4),(3,5),(7,8),(9,12),(10,11),(13,14),(15,18),(16,17),(19,20),(21,27),(22,24),(23,25)]
[(0,1),(2,3),(4,23),(5,22),(6,7),(8,9),(10,11),(12,13),(14,15),(16,17),(18,19),(20,21),(24,25),(26,27)],[(0,24),(1,25),(2,26),(3,27),(4,22),(5,23),(6,18),(7,19),(8,20),(9,21),(10,12),(11,13),(14,16),(15,17)],[(0,27),(1,5),(2,25),(3,4),(6,14),(7,15),(8,10),(9,11),(12,20),(13,21),(16,18),(17,19),(22,26),(23,24)],[(0,3),(1,2),(4,23),(5,22),(6,8),(7,9),(10,14),(11,15),(12,16),(13,17),(18,20),(19,21),(24,27),(25,26)],[(0,1),(2,3),(4,5),(7,12),(8,10),(9,18),(11,16),(13,14),(15,20),(17,19),(22,23),(24,25),(26,27)],[(0,8),(1,13),(2,4),(3,5),(9,11),(10,12),(14,26),(15,17),(16,18),(19,27),(22,24),(23,25)]
[(0,1),(2,3),(4,23),(5,22),(6,7),(8,9),(10,11),(12,13),(14,15),(16,17),(18,19),(20,21),(24,25),(26,27)],[(0,24),(1,25),(2,26),(3,27),(4,22),(5,23),(6,18),(7,19),(8,20),(9,21),(10,12),(11,13),(14,16),(15,17)],[(0,27),(1,5),(2,25),(3,4),(6,14),(7,15),(8,10),(9,11),(12,20),(13,21),(16,18),(17,19),(22,26),(23,24)],[(0,3),(1,2),(4,23),(5,22),(6,8),(7,10),(9,14),(11,15),(12,16),(13,18),(17,20),(19,21),(24,27),(25,26)],[(0,1),(2,3),(4,5),(7,9),(8,12),(10,13),(11,16),(14,17),(15,19),(18,20),(22,23),(24,25),(26,27)],[(0,8),(1,16),(2,4),(3,5),(9,12),(10,14),(11,26),(13,17),(15,18),(19,27),(22,24),(23,25)]
[(0,1),(2,3),(4,23),(5,22),(6,7),(8,9),(10,11),(12,13),(14,15),(16,17),(18,19),(20,21),(24,25),(26,27)],[(0,24),(1,25),(2,26),(3,27),(4,22),(5,23),(6,18),(7,19),(8,20),(9,21),(10,12),(11,13),(14,16),(15,17)],[(0,27),(1,5),(2,25),(3,4),(6,14),(7,15),(8,10),(9,11),(12,20),(13,21),(16,18),(17,19),(22,26),(23,24)],[(0,3),(1,2),(4,23),(5,22),(6,8),(7,10),(9,14),(11,15),(12,16),(13,18),(17,20),(19,21),(24,27),(25,26)],[(0,1),(2,3),(4,5),(7,9),(8,12),(10,13),(11,16),(14,17),(15,19),(18,20),(22,23),(24,25),(26,27)],[(0,20),(1,16),(2,4),(3,5),(7,27),(9,12),(10,14),(11,26),(13,17),(15,18),(22,24),(23,25)]
[(0,1),(2,3),(4,23),(5,22),(6,7),(8,9),(10,11),(12,13),(14,15),(16,17),(18,19),(20,21),(24,25),(26,27)],[(0,24),(1,25),(2,26),(3,27),(4,22),(5,23),(6,18),(7,19),(8,20),(9,21),(10,12),(11,13),(14,16),(15,17)],[(0,27),(1,5),(2,25),(3,4),(6,14),(7,15),(8,10),(9,11),(12,20),(13,21),(16,18),(17,19),(22,26),(23,24)],[(0,3),(1,2),(4,23),(5,22),(6,8),(7,9),(10,14),(11,15),(12,16),(13,17),(18,20),(19,21),(24,27),(25,26)],[(0,1),(2,3),(4,5),(7,12),(8,10),(9,18),(11,16),(13,14),(15,20),(17,19),(22,23),(24,25),(26,27)],[(0,19),(1,13),(2,4),(3,5),(8,27),(9,11),(10,12),(14,26),(15,17),(16,18),(22,24),(23,25)]
[(0,1),(2,3),(4,23),(5,22),(6,7),(8,9),(10,11),(12,13),(14,15),(16,17),(18,19),(20,21),(24,25),(26,27)],[(0,24),(1,25),(2,26),(3,27),(4,22),(5,23),(6,18),(7,19),(8,20),(9,21),(10,12),(11,13),(14,16),(15,17)],[(0,27),(1,5),(2,25),(3,4),(6,14),(7,15),(8,10),(9,11),(12,20),(13,21),(16,18),(17,19),(22,26),(23,24)],[(0,3),(1,2),(4,23),(5,22),(6,8),(7,9),(10,14),(11,15),(12,16),(13,17),(18,20),(19,21),(24,27),(25,26)],[(0,1),(2,3),(4,5),(7,12),(8,10),(9,18),(11,16),(13,14),(15,20),(17,19),(22,23),(24,25),(26,27)],[(0,6),(1,7),(2,4),(3,5),(8,13),(9,11),(10,12),(14,19),(15,17),(16,18),(20,26),(21,27),(22,24),(23,25)]
[(0,1),(2,3),(4,23),(5,22),(6,7),(8,9),(10,11),(12,13),(14,15),(16,17),(18,19),(20,21),(24,25),(26,27)],[(0,24),(1,25),(2,26),(3,27),(4,22),(5,23),(6,18),(7,19),(8,20),(9,21),(10,12),(11,13),(14,16),(15,17)],[(0,27),(1,5),(2,25),(3,4),(6,14),(7,15),(8,10),(9,11),(12,20),(13,21),(16,18),(17,19),(22,26),(23,24)],[(0,3),(1,2),(4,23),(5,22),(6,8),(7,9),(10,14),(11,15),(12,16),(13,17),(18,20),(19,21),(24,27),(25,26)],[(0,1),(2,3),(4,5),(7,12),(8,10),(9,18),(11,16),(13,14),(15,20),(17,19),(22,23),(24,25),(26,27)],[(0,6),(1,19),(2,4),(3,5),(7,13),(8,26),(9,11),(10,12),(14,20),(15,17),(16,18),(21,27),(22,24),(23,25)]
[(0,1),(2,3),(4,23),(5,22),(6,7),(8,9),(10,11),(12,13),(14,15),(16,17),(18,19),(20,21),(24,25),(26,27)],[(0,24),(1,25),(2,26),(3,27),(4,22),(5,23),(6,18),(7,19),(8,20),(9,21),(10,12),(11,13),(14,16),(15,17)],[(0,27),(1,5),(2,25),(3,4),(6,14),(7,15),(8,10),(9,11),(12,20),(13,21),(16,18),(17,19),(22,26),(23,24)],[(0,3),(1,2),(4,23),(5,22),(6,8),(7,9),(10,14),(11,15),(12,16),(13,17),(18,20),(19,21),(24,27),(25,26)],[(0,1),(2,3),(4,5),(7,12),(8,10),(9,18),(11,16),(13,14),(15,20),(17,19),(22,23),(24,25),(26,27)],[(0,21),(1,8),(2,4),(3,5),(6,27),(7,13),(9,11),(10,12),(14,20),(15,17),(16,18),(19,26),(22,24),(23,25)]
[(0,1),(2,3),(4,23),(5,22),(6,7),(8,9),(10,11),(12,13),(14,15),(16,17),(18,19),(20,21),(24,25),(26,27)],[(0,24),(1,25),(2,26),(3,27),(4,22),(5,23),(6,18),(7,19),(8,20),(9,21),(10,12),(11,13),(14,16),(15,17)],[(0,27),(1,5),(2,25),(3,4),(6,14),(7,15),(8,10),(9,11),(12,20),(13,21),(16,18),(17,19),(22,26),(23,24)],[(0,3),(1,2),(4,23),(5,22),(6,8),(7,9),(10,14),(11,15),(12,16),(13,17),(18,20),(19,21),(24,27),(25,26)],[(0,1),(2,3),(4,5),(7,12),(8,10),(9,18),(11,16),(13,14),(15,20),(17,19),(22,23),(24,25),(26,27)],[(0,21),(1,20),(2,4),(3,5),(6,27),(7,26),(8,13),(9,11),(10,12),(14,19),(15,17),(16,18),(22,24),(23,25)]
[(0,1),(2,3),(4,5),(6,7),(8,9),(10,11),(12,13),(14,15),(16,17),(18,19),(20,21),(22,23),(24,25),(26,27)],[(0,5),(1,25),(2,26),(3,23),(4,24),(6,18),(7,19),(8,20),(9,21),(10,12),(11,13),(14,16),(15,17),(22,27)],[(0,4),(1,24),(2,22),(3,26),(5,25),(6,14),(7,15),(8,10),(9,11),(12,20),(13,21),(16,18),(17,19),(23,27)],[(0,2),(1,4),(3,22),(5,24),(6,8),(7,10),(9,14),(11,15),(12,16),(13,18),(17,20),(19,21),(23,26),(25,27)],[(1,3),(2,25),(4,23),(5,22),(7,9),(8,12),(10,13),(11,16),(14,17),(15,19),(18,20),(24,26)],[(0,11),(1,2),(3,24),(4,5),(7,8),(9,12),(10,14),(13,17),(15,18),(16,27),(19,20),(22,23),(25,26)]
[(0,1),(2,3),(4,5),(6,7),(8,9),(10,11),(12,13),(14,15),(16,17),(18,19),(20,21),(22,23),(24,25),(26,27)],[(0,5),(1,25),(2,26),(3,23),(4,24),(6,18),(7,19),(8,20),(9,21),(10,12),(11,13),(14,16),(15,17),(22,27)],[(0,4),(1,24),(2,22),(3,26),(5,25),(6,14),(7,15),(8,10),(9,11),(12,20),(13,21),(16,18),(17,19),(23,27)],[(0,2),(1,4),(3,22),(5,24),(6,8),(7,10),(9,14),(11,15),(12,16),(13,18),(17,20),(19,21),(23,26),(25,27)],[(1,3),(2,25),(4,23),(5,22),(7,9),(8,12),(10,13),(11,16),(14,17),(15,19),(18,20),(24,26)],[(0,16),(1,2),(3,24),(4,5),(7,8),(9,12),(10,14),(11,27),(13,17),(15,18),(19,20),(22,23),(25,26)]
[(0,1),(2,3),(4,5),(6,7),(8,9),(10,11),(12,13),(14,15),(16,17),(18,19),(20,21),(22,23),(24,25),(26,27)],[(0,5),(1,25),(2,26),(3,23),(4,24),(6,18),(7,19),(8,20),(9,21),(10,12),(11,13),(14,16),(15,17),(22,27)],[(0,4),(1,3),(2,22),(5,25),(6,14),(7,15),(8,10),(9,11),(12,20),(13,21),(16,18),(17,19),(23,27),(24,26)],[(0,2),(1,24),(3,26),(4,22),(5,23),(6,8),(7,10),(9,14),(11,15),(12,16),(13,18),(17,20),(19,21),(25,27)],[(1,4),(2,25),(3,22),(5,24),(7,9),(8,12),(10,13),(11,16),(14,17),(15,19),(18,20),(23,26)],[(1,6),(2,11),(3,24),(4,5),(7,8),(9,12),(10,14),(13,17),(15,18),(16,25),(19,20),(21,26),(22,23)]
[(0,1),(2,3),(4,5),(6,7),(8,9),(10,11),(12,13),(14,15),(16,17),(18,19),(20,21),(22,23),(24,25),(26,27)],[(0,5),(1,25),(2,26),(3,23),(4,24),(6,18),(7,19),(8,20),(9,21),(10,12),(11,13),(14,16),(15,17),(22,27)],[(0,4),(1,3),(2,22),(5,25),(6,14),(7,15),(8,10),(9,11),(12,20),(13,21),(16,18),(17,19),(23,27),(24,26)],[(0,2),(1,24),(3,26),(4,22),(5,23),(6,8),(7,10),(9,14),(11,15),(12,16),(13,18),(17,20),(19,21),(25,27)],[(1,4),(2,25),(3,22),(5,24),(7,9),(8,12),(10,13),(11,16),(14,17),(15,19),(18,20),(23,26)],[(1,21),(2,11),(3,24),(4,5),(6,26),(7,8),(9,12),(10,14),(13,17),(15,18),(16,25),(19,20),(22,23)]
[(0,1),(2,3),(4,23),(5,22),(6,7),(8,9),(10,11),(12,13),(14,15),(16,17),(18,19),(20,21),(24,25),(26,27)],[(0,24),(1,25),(2,26),(3,27),(4,22),(5,23),(6,18),(7,19),(8,20),(9,21),(10,12),(11,13),(14,16),(15,17)],[(0,27),(1,5),(2,25),(3,4),(6,14),(7,15),(8,10),(9,11),(12,20),(13,21),(16,18),(17,19),(22,26),(23,24)],[(0,3),(1,2),(4,23),(5,22),(6,8),(7,9),(10,14),(11,15),(12,16),(13,17),(18,20),(19,21),(24,27),(25,26)],[(0,1),(2,3),(4,5),(7,12),(8,10),(9,18),(11,16),(13,14),(15,20),(17,19),(22,23),(24,25),(26,27)],[(0,19),(1,21),(2,4),(3,5),(6,26),(7,13),(8,27),(9,11),(10,12),(14,20),(15,17),(16,18),(22,24),(23,25)]
[(0,1),(2,3),(4,23),(5,22),(6,7),(8,9),(10,11),(12,13),(14,15),(16,17),(18,19),(20,21),(24,25),(26,27)],[(0,24),(1,25),(2,26),(3,27),(4,22),(5,23),(6,18),(7,19),(8,20),(9,21),(10,12),(11,13),(14,16),(15,17)],[(0,27),(1,5),(2,25),(3,4),(6,14),(7,15),(8,10),(9,11),(12,20),(13,21),(16,18),(17,19),(22,26),(23,24)],[(0,3),(1,2),(4,23),(5,22),(6,8),(7,9),(10,14),(11,15),(12,16),(13,17),(18,20),(19,21),(24,27),(25,26)],[(0,1),(2,3),(4,5),(7,12),(8,10),(9,18),(11,16),(13,14),(15,20),(17,19),(22,23),(24,25),(26,27)],[(0,19),(1,6),(2,4),(3,5),(7,13),(8,27),(9,11),(10,12),(14,20),(15,17),(16,18),(21,26),(22,24),(23,25)]
[(0,1),(2,3),(4,23),(5,22),(6,7),(8,9),(10,11),(12,13),(14,15),(16,17),(18,19),(20,21),(24,25),(26,27)],[(0,24),(1,25),(2,26),(3,27),(4,22),(5,23),(6,18),(7,19),(8,20),(9,21),(10,12),(11,13),(14,16),(15,17)],[(0,27),(1,5),(2,25),(3,4),(6,14),(7,15),(8,10),(9,11),(12,20),(13,21),(16,18),(17,19),(22,26),(23,24)],[(0,3),(1,2),(4,23),(5,22),(6,8),(7,9),(10,14),(11,15),(12,16),(13,17),(18,20),(19,21),(24,27),(25,26)],[(0,1),(2,3),(4,5),(7,12),(8,10),(9,18),(11,16),(13,14),(15,20),(17,19),(22,23),(24,25),(26,27)],[(0,7),(1,21),(2,4),(3,5),(6,26),(8,13),(9,11),(10,12),(14,19),(15,17),(16,18),(20,27),(22,24),(23,25)]
[(0,1),(2,3),(4,23),(5,22),(6,7),(8,9),(10,11),(12,13),(14,15),(16,17),(18,19),(20,21),(24,25),(26,27)],[(0,24),(1,25),(2,26),(3,27),(4,22),(5,23),(6,18),(7,19),(8,20),(9,21),(10,12),(11,13),(14,16),(15,17)],[(0,27),(1,5),(2,25),(3,4),(6,14),(7,15),(8,10),(9,11),(12,20),(13,21),(16,18),(17,19),(22,26),(23,24)],[(0,3),(1,2),(4,23),(5,22),(6,8),(7,9),(10,14),(11,15),(12,16),(13,17),(18,20),(19,21),(24,27),(25,26)],[(0,1),(2,3),(4,5),(7,12),(8,10),(9,18),(11,16),(13,14),(15,20),(17,19),(22,23),(24,25),(26,27)],[(0,7),(1,6),(2,4),(3,5),(8,13),(9,11),(10,12),(14,19),(15,17),(16,18),(20,27),(21,26),(22,24),(23,25)]
[(0,1),(2,3),(4,23),(5,22),(6,7),(8,9),(10,11),(12,13),(14,15),(16,17),(18,19),(20,21),(24,25),(26,27)],[(0,24),(1,25),(2,26),(3,27),(4,22),(5,23),(6,18),(7,19),(8,20),(9,21),(10,12),(11,13),(14,16),(15,17)],[(0,27),(1,5),(2,25),(3,4),(6,14),(7,15),(8,10),(9,11),(12,20),(13,21),(16,18),(17,19),(22,26),(23,24)],[(0,3),(1,2),(4,23),(5,22),(6,8),(7,10),(9,14),(11,15),(12,16),(13,18),(17,20),(19,21),(24,27),(25,26)],[(0,1),(2,3),(4,5),(7,9),(8,12),(10,13),(11,16),(14,17),(15,19),(18,20),(22,23),(24,25),(26,27)],[(0,14),(1,21),(2,4),(3,5),(6,26),(7,8),(9,12),(10,11),(13,27),(15,18),(16,17),(19,20),(22,24),(23,25)]
[(0,1),(2,3),(4,23),(5,22),(6,7),(8,9),(10,11),(12,13),(14,15),(16,17),(18,19),(20,21),(24,25),(26,27)],[(0,24),(1,25),(2,26),(3,27),(4,22),(5,23),(6,18),(7,19),(8,20),(9,21),(10,12),(11,13),(14,16),(15,17)],[(0,27),(1,5),(2,25),(3,4),(6,14),(7,15),(8,10),(9,11),(12,20),(13,21),(16,18),(17,19),(22,26),(23,24)],[(0,3),(1,2),(4,23),(5,22),(6,8),(7,10),(9,14),(11,15),(12,16),(13,18),(17,20),(19,21),(24,27),(25,26)],[(0,1),(2,3),(4,5),(7,9),(8,12),(10,13),(11,16),(14,17),(15,19),(18,20),(22,23),(24,25),(26,27)],[(0,14),(1,6),(2,4),(3,5),(7,8),(9,12),(10,11),(13,27),(15,18),(16,17),(19,20),(21,26),(22,24),(23,25)]
[(0,1),(2,3),(4,23),(5,22),(6,7),(8,9),(10,11),(12,13),(14,15),(16,17),(18,19),(20,21),(24,25),(26,27)],[(0,24),(1,25),(2,26),(3,27),(4,22),(5,23),(6,18),(7,19),(8,20),(9,21),(10,12),(11,13),(14,16),(15,17)],[(0,27),(1,5),(2,25),(3,4),(6,14),(7,15),(8,10),(9,11),(12,20),(13,21),(16,18),(17,19),(22,26),(23,24)],[(0,3),(1,2),(4,23),(5,22),(6,8),(7,10),(9,14),(11,15),(12,16),(13,18),(17,20),(19,21),(24,27),(25,26)],[(0,1),(2,3),(4,5),(7,9),(8,12),(10,13),(11,16),(14,17),(15,19),(18,20),(22,23),(24,25),(26,27)],[(0,13),(1,21),(2,4),(3,5),(6,26),(7,8),(9,12),(10,11),(14,27),(15,18),(16,17),(19,20),(22,24),(23,25)]
[(0,1),(2,3),(4,23),(5,22),(6,7),(8,9),(10,11),(12,13),(14,15),(16,17),(18,19),(20,21),(24,25),(26,27)],[(0,24),(1,25),(2,26),(3,27),(4,22),(5,23),(6,18),(7,19),(8,20),(9,21),(10,12),(11,13),(14,16),(15,17)],[(0,27),(1,5),(2,25),(3,4),(6,14),(7,15),(8,10),(9,11),(12,20),(13,21),(16,18),(17,19),(22,26),(23,24)],[(0,3),(1,2),(4,23),(5,22),(6,8),(7,9),(10,14),(11,15),(12,16),(13,17),(18,20),(19,21),(24,27),(25,26)],[(0,1),(2,3),(4,5),(7,12),(8,10),(9,18),(11,16),(13,14),(15,20),(17,19),(22,23),(24,25),(26,27)],[(0,7),(2,4),(3,5),(8,13),(9,11),(10,12),(14,19),(15,17),(16,18),(20,27),(22,24),(23,25)]
[(0,1),(2,3),(4,23),(5,22),(6,7),(8,9),(10,11),(12,13),(14,15),(16,17),(18,19),(20,21),(24,25),(26,27)],[(0,24),(1,25),(2,26),(3,27),(4,22),(5,23),(6,18),(7,19),(8,20),(9,21),(10,12),(11,13),(14,16),(15,17)],[(0,27),(1,5),(2,25),(3,4),(6,14),(7,15),(8,10),(9,11),(12,20),(13,21),(16,18),(17,19),(22,26),(23,24)],[(0,3),(1,2),(4,23),(5,22),(6,8),(7,10),(9,14),(11,15),(12,16),(13,18),(17,20),(19,21),(24,27),(25,26)],[(0,1),(2,3),(4,5),(7,9),(8,12),(10,13),(11,16),(14,17),(15,19),(18,20),(22,23),(24,25),(26,27)],[(0,13),(1,6),(2,4),(3,5),(7,8),(9,12),(10,11),(14,27),(15,18),(16,17),(19,20),(21,26),(22,24),(23,25)]
[(0,1),(2,3),(4,23),(5,22),(6,7),(8,9),(10,11),(12,13),(14,15),(16,17),(18,19),(20,21),(24,25),(26,27)],[(0,24),(1,25),(2,26),(3,27),(4,22),(5,23),(6,18),(7,19),(8,20),(9,21),(10,12),(11,13),(14,16),(15,17)],[(0,27),(1,5),(2,25),(3,4),(6,14),(7,15),(8,10),(9,11),(12,20),(13,21),(16,18),(17,19),(22,26),(23,24)],[(0,3),(1,2),(4,23),(5,22),(6,8),(7,9),(10,14),(11,15),(12,16),(13,17),(18,20),(19,21),(24,27),(25,26)],[(0,1),(2,3),(4,5),(7,12),(8,10),(9,18),(11,16),(13,14),(15,20),(17,19),(22,23),(24,25),(26,27)],[(0,14),(1,8),(2,4),(3,5),(9,11),(10,12),(13,27),(15,17),(16,18),(19,26),(22,24),(23,25)]
[(0,1),(2,3),(4,23),(5,22),(6,7),(8,9),(10,11),(12,13),(14,15),(16,17),(18,19),(20,21),(24,25),(26,27)],[(0,24),(1,25),(2,26),(3,27),(4,22),(5,23),(6,18),(7,19),(8,20),(9,21),(10,12),(11,13),(14,16),(15,17)],[(0,27),(1,5),(2,25),(3,4),(6,14),(7,15),(8,10),(9,11),(12,20),(13,21),(16,18),(17,19),(22,26),(23,24)],[(0,3),(1,2),(4,23),(5,22),(6,8),(7,9),(10,14),(11,15),(12,16),(13,17),(18,20),(19,21),(24,27),(25,26)],[(0,1),(2,3),(4,5),(7,12),(8,10),(9,18),(11,16),(13,14),(15,20),(17,19),(22,23),(24,25),(26,27)],[(0,14),(1,19),(2,4),(3,5),(8,26),(9,11),(10,12),(13,27),(15,17),(16,18),(22,24),(23,25)]
[(0,1),(2,3),(4,23),(5,22),(6,7),(8,9),(10,11),(12,13),(14,15),(16,17),(18,19),(20,21),(24,25),(26,27)],[(0,24),(1,25),(2,26),(3,27),(4,22),(5,23),(6,18),(7,19),(8,20),(9,21),(10,12),(11,13),(14,16),(15,17)],[(0,27),(1,5),(2,25),(3,4),(6,14),(7,15),(8,10),(9,11),(12,20),(13,21),(16,18),(17,19),(22,26),(23,24)],[(0,3),(1,2),(4,23),(5,22),(6,8),(7,10),(9,14),(11,15),(12,16),(13,18),(17,20),(19,21),(24,27),(25,26)],[(0,1),(2,3),(4,5),(7,9),(8,12),(10,13),(11,16),(14,17),(15,19),(18,20),(22,23),(24,25),(26,27)],[(0,13),(2,4),(3,5),(7,8),(9,12),(10,11),(14,27),(15,18),(16,17),(19,20),(22,24),(23,25)]
[(0,1),(2,3),(4,23),(5,22),(6,7),(8,9),(10,11),(12,13),(14,15),(16,17),(18,19),(20,21),(24,25),(26,27)],[(0,24),(1,25),(2,26),(3,27),(4,22),(5,23),(6,18),(7,19),(8,20),(9,21),(10,12),(11,13),(14,16),(15,17)],[(0,27),(1,5),(2,25),(3,4),(6,14),(7,15),(8,10),(9,11),(12,20),(13,21),(16,18),(17,19),(22,26),(23,24)],[(0,3),(1,2),(4,23),(5,22),(6,8),(7,10),(9,14),(11,15),(12,16),(13,18),(17,20),(19,21),(24,27),(25,26)],[(0,1),(2,3),(4,5),(7,9),(8,12),(10,13),(11,16),(14,17),(15,19),(18,20),(22,23),(24,25),(26,27)],[(0,14),(2,4),(3,5),(7,8),(9,12),(10,11),(13,27),(15,18),(16,17),(19,20),(22,24),(23,25)]
[(0,1),(2,3),(4,23),(5,22),(6,7),(8,9),(10,11),(12,13),(14,15),(16,17),(18,19),(20,21),(24,25),(26,27)],[(0,24),(1,25),(2,26),(3,27),(4,22),(5,23),(6,18),(7,19),(8,20),(9,21),(10,12),(11,13),(14,16),(15,17)],[(0,27),(1,5),(2,25),(3,4),(6,14),(7,15),(8,10),(9,11),(12,20),(13,21),(16,18),(17,19),(22,26),(23,24)],[(0,3),(1,2),(4,23),(5,22),(6,8),(7,9),(10,14),(11,15),(12,16),(13,17),(18,20),(19,21),(24,27),(25,26)],[(0,1),(2,3),(4,5),(7,12),(8,10),(9,18),(11,16),(13,14),(15,20),(17,19),(22,23),(24,25),(26,27)],[(0,13),(1,8),(2,4),(3,5),(9,11),(10,12),(14,27),(15,17),(16,18),(19,26),(22,24),(23,25)]
[(0,1),(2,3),(4,23),(5,22),(6,7),(8,9),(10,11),(12,13),(14,15),(16,17),(18,19),(20,21),(24,25),(26,27)],[(0,24),(1,25),(2,26),(3,27),(4,22),(5,23),(6,18),(7,19),(8,20),(9,21),(10,12),(11,13),(14,16),(15,17)],[(0,27),(1,5),(2,25),(3,4),(6,14),(7,15),(8,10),(9,11),(12,20),(13,21),(16,18),(17,19),(22,26),(23,24)],[(0,3),(1,2),(4,23),(5,22),(6,8),(7,9),(10,14),(11,15),(12,16),(13,17),(18,20),(19,21),(24,27),(25,26)],[(0,1),(2,3),(4,5),(7,12),(8,10),(9,18),(11,16),(13,14),(15,20),(17,19),(22,23),(24,25),(26,27)],[(0,13),(1,19),(2,4),(3,5),(8,26),(9,11),(10,12),(14,27),(15,17),(16,18),(22,24),(23,25)]
[(0,1),(2,3),(4,5),(6,7),(8,9),(10,11),(12,13),(14,15),(16,17),(18,19),(20,21),(22,23),(24,25),(26,27)],[(0,5),(1,25),(2,26),(3,23),(4,24),(6,18),(7,19),(8,20),(9,21),(10,12),(11,13),(14,16),(15,17),(22,27)],[(0,4),(1,24),(2,22),(3,26),(5,25),(6,14),(7,15),(8,10),(9,11),(12,20),(13,21),(16,18),(17,19),(23,27)],[(0,2),(1,4),(3,22),(5,24),(6,8),(7,10),(9,14),(11,15),(12,16),(13,18),(17,20),(19,21),(23,26),(25,27)],[(1,3),(2,25),(4,23),(5,22),(7,9),(8,12),(10,13),(11,16),(14,17),(15,19),(18,20),(24,26)],[(0,6),(1,2),(3,24),(4,5),(7,8),(9,12),(10,14),(13,17),(15,18),(19,20),(21,27),(22,23),(25,26)]
[(0,1),(2,3),(4,5),(6,7),(8,9),(10,11),(12,13),(14,15),(16,17),(18,19),(20,21),(22,23),(24,25),(26,27)],[(0,5),(1,25),(2,26),(3,23),(4,24),(6,18),(7,19),(8,20),(9,21),(10,12),(11,13),(14,16),(15,17),(22,27)],[(0,4),(1,24),(2,22),(3,26),(5,25),(6,14),(7,15),(8,10),(9,11),(12,20),(13,21),(16,18),(17,19),(23,27)],[(0,2),(1,4),(3,22),(5,24),(6,8),(7,10),(9,14),(11,15),(12,16),(13,18),(17,20),(19,21),(23,26),(25,27)],[(1,3),(2,25),(4,23),(5,22),(7,9),(8,12),(10,13),(11,16),(14,17),(15,19),(18,20),(24,26)],[(0,21),(1,2),(3,24),(4,5),(6,27),(7,8),(9,12),(10,14),(13,17),(15,18),(19,20),(22,23),(25,26)]
[(0,1),(2,3),(4,5),(6,7),(8,9),(10,11),(12,13),(14,15),(16,17),(18,19),(20,21),(22,23),(24,25),(26,27)],[(0,5),(1,25),(2,26),(3,23),(4,24),(6,18),(7,19),(8,20),(9,21),(10,12),(11,13),(14,16),(15,17),(22,27)],[(0,4),(1,3),(2,22),(5,25),(6,14),(7,15),(8,10),(9,11),(12,20),(13,21),(16,18),(17,19),(23,27),(24,26)],[(0,2),(1,24),(3,26),(4,22),(5,23),(6,8),(7,10),(9,14),(11,15),(12,16),(13,18),(17,20),(19,21),(25,27)],[(1,4),(2,25),(3,22),(5,24),(7,9),(8,12),(10,13),(11,16),(14,17),(15,19),(18,20),(23,26)],[(0,21),(1,16),(2,24),(3,25),(4,5),(6,27),(7,8),(9,12),(10,14),(11,26),(13,17),(15,18),(19,20),(22,23)]
[(0,1),(2,3),(4,5),(6,7),(8,9),(10,11),(12,13),(14,15),(16,17),(18,19),(20,21),(22,23),(24,25),(26,27)],[(0,5),(1,25),(2,26),(3,23),(4,24),(6,18),(7,19),(8,20),(9,21),(10,12),(11,13),(14,16),(15,17),(22,27)],[(0,4),(1,3),(2,22),(5,25),(6,14),(7,15),(8,10),(9,11),(12,20),(13,21),(16,18),(17,19),(23,27),(24,26)],[(0,2),(1,24),(3,26),(4,22),(5,23),(6,8),(7,10),(9,14),(11,15),(12,16),(13,18),(17,20),(19,21),(25,27)],[(1,4),(2,25),(3,22),(5,24),(7,9),(8,12),(10,13),(11,16),(14,17),(15,19),(18,20),(23,26)],[(0,6),(1,16),(2,24),(3,25),(4,5),(7,8),(9,12),(10,14),(11,26),(13,17),(15,18),(19,20),(21,27),(22,23)]
[(0,1),(2,3),(4,5),(6,7),(8,9),(10,11),(12,13),(14,15),(16,17),(18,19),(20,21),(22,23),(24,25),(26,27)],[(0,5),(1,25),(2,26),(3,23),(4,24),(6,18),(7,19),(8,20),(9,21),(10,12),(11,13),(14,16),(15,17),(22,27)],[(0,4),(1,3),(2,22),(5,25),(6,14),(7,15),(8,10),(9,11),(12,20),(13,21),(16,18),(17,19),(23,27),(24,26)],[(0,2),(1,24),(3,26),(4,22),(5,23),(6,8),(7,10),(9,14),(11,15),(12,16),(13,18),(17,20),(19,21),(25,27)],[(1,4),(2,25),(3,22),(5,24),(7,9),(8,12),(10,13),(11,16),(14,17),(15,19),(18,20),(23,26)],[(0,21),(1,11),(2,24),(3,25),(4,5),(6,27),(7,8),(9,12),(10,14),(13,17),(15,18),(16,26),(19,20),(22,23)]
[(0,1),(2,3),(4,5),(6,7),(8,9),(10,11),(12,13),(14,15),(16,17),(18,19),(20,21),(22,23),(24,25),(26,27)],[(0,5),(1,25),(2,26),(3,23),(4,24),(6,18),(7,19),(8,20),(9,21),(10,12),(11,13),(14,16),(15,17),(22,27)],[(0,4),(1,3),(2,22),(5,25),(6,14),(7,15),(8,10),(9,11),(12,20),(13,21),(16,18),(17,19),(23,27),(24,26)],[(0,2),(1,24),(3,26),(4,22),(5,23),(6,8),(7,10),(9,14),(11,15),(12,16),(13,18),(17,20),(19,21),(25,27)],[(1,4),(2,25),(3,22),(5,24),(7,9),(8,12),(10,13),(11,16),(14,17),(15,19),(18,20),(23,26)],[(0,6),(1,11),(2,24),(3,25),(4,5),(7,8),(9,12),(10,14),(13,17),(15,18),(16,26),(19,20),(21,27),(22,23)]
[(0,1),(2,3),(4,23),(5,22),(6,7),(8,9),(10,11),(12,13),(14,15),(16,17),(18,19),(20,21),(24,25),(26,27)],[(0,24),(1,25),(2,26),(3,27),(4,22),(5,23),(6,18),(7,19),(8,20),(9,21),(10,12),(11,13),(14,16),(15,17)],[(0,27),(1,5),(2,25),(3,4),(6,14),(7,15),(8,10),(9,11),(12,20),(13,21),(16,18),(17,19),(22,26),(23,24)],[(0,3),(1,2),(4,23),(5,22),(6,8),(7,9),(10,14),(11,15),(12,16),(13,17),(18,20),(19,21),(24,27),(25,26)],[(0,1),(2,3),(4,5),(7,12),(8,10),(9,18),(11,16),(13,14),(15,20),(17,19),(22,23),(24,25),(26,27)],[(0,19),(1,7),(2,4),(3,5),(8,27),(9,11),(10,12),(15,17),(16,18),(20,26),(22,24),(23,25)]
[(0,1),(2,3),(4,23),(5,22),(6,7),(8,9),(10,11),(12,13),(14,15),(16,17),(18,19),(20,21),(24,25),(26,27)],[(0,24),(1,25),(2,26),(3,27),(4,22),(5,23),(6,18),(7,19),(8,20),(9,21),(10,12),(11,13),(14,16),(15,17)],[(0,27),(1,5),(2,25),(3,4),(6,14),(7,15),(8,10),(9,11),(12,20),(13,21),(16,18),(17,19),(22,26),(23,24)],[(0,3),(1,2),(4,23),(5,22),(6,8),(7,9),(10,14),(11,15),(12,16),(13,17),(18,20),(19,21),(24,27),(25,26)],[(0,1),(2,3),(4,5),(7,12),(8,10),(9,18),(11,16),(13,14),(15,20),(17,19),(22,23),(24,25),(26,27)],[(0,7),(1,8),(2,4),(3,5),(9,11),(10,12),(15,17),(16,18),(19,26),(20,27),(22,24),(23,25)]
[(0,1),(2,3),(4,23),(5,22),(6,7),(8,9),(10,11),(12,13),(14,15),(16,17),(18,19),(20,21),(24,25),(26,27)],[(0,24),(1,25),(2,26),(3,27),(4,22),(5,23),(6,18),(7,19),(8,20),(9,21),(10,12),(11,13),(14,16),(15,17)],[(0,27),(1,5),(2,25),(3,4),(6,14),(7,15),(8,10),(9,11),(12,20),(13,21),(16,18),(17,19),(22,26),(23,24)],[(0,3),(1,2),(4,23),(5,22),(6,8),(7,9),(10,14),(11,15),(12,16),(13,17),(18,20),(19,21),(24,27),(25,26)],[(0,1),(2,3),(4,5),(7,12),(8,10),(9,18),(11,16),(13,14),(15,20),(17,19),(22,23),(24,25),(26,27)],[(0,20),(1,19),(2,4),(3,5),(7,27),(8,26),(9,11),(10,12),(15,17),(16,18),(22,24),(23,25)]
[(0,1),(2,3),(4,23),(5,22),(6,7),(8,9),(10,11),(12,13),(14,15),(16,17),(18,19),(20,21),(24,25),(26,27)],[(0,24),(1,25),(2,26),(3,27),(4,22),(5,23),(6,18),(7,19),(8,20),(9,21),(10,12),(11,13),(14,16),(15,17)],[(0,27),(1,5),(2,25),(3,4),(6,14),(7,15),(8,10),(9,11),(12,20),(13,21),(16,18),(17,19),(22,26),(23,24)],[(0,3),(1,2),(4,23),(5,22),(6,8),(7,9),(10,14),(11,15),(12,16),(13,17),(18,20),(19,21),(24,27),(25,26)],[(0,1),(2,3),(4,5),(7,12),(8,10),(9,18),(11,16),(13,14),(15,20),(17,19),(22,23),(24,25),(26,27)],[(0,7),(1,19),(2,4),(3,5),(8,26),(9,11),(10,12),(15,17),(16,18),(20,27),(22,24),(23,25)]
[(0,1),(2,3),(4,23),(5,22),(6,7),(8,9),(10,11),(12,13),(14,15),(16,17),(18,19),(20,21),(24,25),(26,27)],[(0,24),(1,25),(2,26),(3,27),(4,22),(5,23),(6,18),(7,19),(8,20),(9,21),(10,12),(11,13),(14,16),(15,17)],[(0,27),(1,5),(2,25),(3,4),(6,14),(7,15),(8,10),(9,11),(12,20),(13,21),(16,18),(17,19),(22,26),(23,24)],[(0,3),(1,2),(4,23),(5,22),(6,8),(7,9),(10,14),(11,15),(12,16),(13,17),(18,20),(19,21),(24,27),(25,26)],[(0,1),(2,3),(4,5),(7,12),(8,10),(9,18),(11,16),(13,14),(15,20),(17,19),(22,23),(24,25),(26,27)],[(0,7),(1,9),(2,4),(3,5),(10,12),(11,13),(14,16),(15,17),(18,26),(20,27),(22,24),(23,25)]
